0.275600
0.244800
0.234400
0.214000
0.203600
0.210000
0.197600
0.189600
0.187600
0.185600
0.179600
0.180400
0.184400
0.170800
0.176400
0.174800
0.161200
0.159600
0.150800
0.162800
0.169200
0.160800
0.156000
0.167600
0.156800
0.151200
0.140000
0.132000
0.133600
0.140000
0.148000
0.142000
0.141200
0.137200
0.136000
0.132400
0.132800
0.133600
0.137600
0.144400
0.137200
0.135600
0.134000
0.134800
0.131200
0.133200
0.119200
0.113600
0.112400
0.122800
0.118800
0.110400
0.116400
0.107200
0.113600
0.107600
0.107200
0.105600
0.120000
0.115200
0.124800
0.124400
0.111600
0.107200
0.106400
0.104400
0.096800
0.100000
0.102000
0.104400
0.104800
0.104000
0.113200
0.104400
0.107600
0.110800
0.112000
0.113200
0.116000
0.115200
0.117200
0.130000
0.124800
0.123200
0.123200
0.126400
0.122000
0.112400
0.112000
0.114000
0.117200
0.125600
0.125600
0.116800
0.114400
0.119600
0.128000
0.128000
0.122400
0.126000
0.130000
0.120000
0.118400
0.111600
0.114400
0.116000
0.115200
0.125200
0.130400
0.126000
0.124800
0.127200
0.126000
0.125600
0.128800
0.119600
0.118400
0.118800
0.134000
0.140000
0.139600
0.134800
0.127200
0.120400
0.113600
0.117200
0.119600
0.114400
0.112800
0.121600
0.112800
0.113200
0.118400
0.124800
0.116400
0.119200
0.124800
0.120000
0.124000
0.120000
0.115600
0.120400
0.125600
0.117600
0.124000
0.125200
0.130800
0.130400
0.130800
0.116400
0.122000
0.121600
0.122000
0.123200
0.129200
0.128800
0.125200
0.131600
0.125600
0.123200
0.124000
0.121600
0.126800
0.124400
0.132000
0.120000
0.116800
0.108400
0.103600
0.116000
0.122000
0.120400
0.123200
0.126800
0.134000
0.132400
0.136000
0.141600
0.141200
0.148000
0.147200
0.152000
0.143200
0.126000
0.126400
0.120800
0.112000
0.128000
0.138800
0.142400
0.142400
0.142000
0.135200
0.124400
0.137200
0.137200
0.146400
0.134000
0.147200
0.140400
0.144800
0.142000
0.152000
0.148000
0.156000
0.142800
0.156800
0.150000
0.145200
0.159200
0.152800
0.158800
0.157600
0.160400
0.157200
0.157200
0.151200
0.140400
0.147200
0.142800
0.148400
0.150400
0.141600
0.143200
0.139200
0.132000
0.124800
0.122000
0.126800
0.124000
0.126800
0.124400
0.130800
0.126400
0.127200
0.132000
0.132000
0.132800
0.136400
0.140800
0.134800
0.128000
0.130400
0.129600
0.141200
0.144400
0.144800
0.136400
0.139200
0.144000
0.149600
0.131200
0.141600
0.140000
0.148400
0.148000
0.143600
0.144800
0.145200
0.135200
0.140400
0.149200
0.150000
0.142400
0.146400
0.153200
0.149600
0.150000
0.154000
0.154000
0.140800
0.138400
0.142000
0.132800
0.131200
0.124000
0.122000
0.122800
0.114000
0.123200
0.119600
0.119600
0.131600
0.126000
0.118800
0.116800
0.122800
0.121600
0.121600
0.112800
0.099600
0.103600
0.107200
0.120400
0.135200
0.135200
0.135200
0.140400
0.139200
0.148400
0.146000
0.150000
0.151600
0.149200
0.151200
0.136800
0.135600
0.141600
0.143200
0.138000
0.135200
0.134400
0.133600
0.135600
0.126000
0.135200
0.134400
0.133200
0.135200
0.127600
0.117200
0.114400
0.116400
0.116000
0.133600
0.138400
0.138800
0.128800
0.134800
0.130000
0.139200
0.139200
0.138000
0.141600
0.157200
0.158800
0.161200
0.144400
0.150000
0.141600
0.156800
0.142400
0.142800
0.151200
0.157200
0.152800
0.160400
0.162000
0.155600
0.159200
0.151200
0.152000
0.145200
0.143600
0.149200
0.143200
0.144800
0.130800
0.124800
0.127600
0.131200
0.129600
0.133600
0.135600
0.141200
0.146800
0.140000
0.142800
0.134400
0.141200
0.143200
0.146400
0.141200
0.141600
0.131600
0.142800
0.130800
0.125200
0.129600
0.131600
0.134400
0.138400
0.134000
0.123600
0.118400
0.124800
0.131600
0.118800
0.124400
0.117200
0.112000
0.114800
0.121200
0.128800
0.131200
0.123600
0.119200
0.120400
0.121200
0.124000
0.117600
0.119600
0.117200
0.116800
0.112400
0.114000
0.125600
0.126000
0.131200
0.139600
0.148400
0.153600
0.157200
0.159600
0.163200
0.168800
0.168000
0.167600
0.158400
0.154400
0.170000
0.158400
0.155200
0.157600
0.172000
0.170000
0.165200
0.156400
0.151600
0.142400
0.138000
0.142400
0.137200
0.143200
0.140000
0.139600
0.139200
0.153600
0.151600
0.158000
0.152400
0.145600
0.140000
0.147600
0.150800
0.140400
0.152000
0.153200
0.150400
0.146400
0.142400
0.134800
0.130800
0.130800
0.133200
0.131600
0.128800
0.127200
0.130000
0.128800
0.129200
0.145600
0.142800
0.126400
0.141200
0.132800
0.132400
0.127200
0.127600
0.136000
0.126000
0.139200
0.126000
0.124400
0.120800
0.124000
0.119200
0.115600
0.123200
0.128400
0.120000
0.123600
0.128400
0.122800
0.118000
0.114800
0.119600
0.128000
0.122400
0.122400
0.129200
0.135600
0.132400
0.135200
0.145200
0.138800
0.151200
0.150000
0.150800
0.140800
