0.335600
0.345200
0.358800
0.349200
0.365600
0.371200
0.366400
0.392000
0.381600
0.370400
0.361600
0.365600
0.367600
0.355200
0.370000
0.362000
0.368400
0.384000
0.401600
0.397600
0.382400
0.362000
0.356400
0.353600
0.376400
0.378800
0.374400
0.375600
0.386800
0.390800
0.386000
0.389200
0.384400
0.380000
0.386000
0.390000
0.374000
0.373600
0.382400
0.381200
0.372800
0.380400
0.380800
0.390400
0.376400
0.390400
0.370400
0.365200
0.383600
0.374000
0.372000
0.370400
0.362000
0.364800
0.387200
0.385600
0.395200
0.367600
0.360800
0.364000
0.350400
0.366800
0.378000
0.392400
0.399600
0.380000
0.352400
0.358400
0.379200
0.394000
0.383200
0.373200
0.366400
0.379200
0.365600
0.375600
0.380000
0.381200
0.381200
0.353200
0.365200
0.360800
0.360800
0.377200
0.387600
0.383200
0.391200
0.369200
0.366400
0.376000
0.356400
0.370400
0.383600
0.384400
0.376400
0.384000
0.380800
0.372400
0.361600
0.357200
0.375600
0.369200
0.380000
0.390400
0.385200
0.381600
0.381600
0.375200
0.362000
0.365600
0.360000
0.374400
0.370800
0.370800
0.378800
0.374400
0.380800
0.394800
0.382000
0.362800
0.348800
0.349200
0.337200
0.334400
0.361600
0.385200
0.394000
0.381600
0.392000
0.397200
0.365600
0.373200
0.376400
0.384000
0.377600
0.384800
0.388800
0.379600
0.372000
0.373200
0.377200
0.360000
0.380000
0.372800
0.370000
0.374000
0.370000
0.350800
0.351600
0.353600
0.356800
0.380800
0.384400
0.381600
0.390000
0.378400
0.366400
0.379200
0.384000
0.376400
0.373200
0.369600
0.368000
0.383600
0.401600
0.392000
0.378800
0.368400
0.365200
0.372800
0.380800
0.386400
0.374400
0.370400
0.369600
0.388800
0.376400
0.352400
0.353200
0.351200
0.355600
0.363200
0.383200
0.368000
0.368800
0.371200
0.387600
0.386400
0.374000
0.363200
0.360000
0.354400
0.354800
0.348800
0.360000
0.374400
0.394400
0.372400
0.379600
0.364400
0.376000
0.374800
0.376400
0.388400
0.384000
0.397200
0.392000
0.369200
0.377600
0.368400
0.358800
0.342800
0.360400
0.364400
0.387600
0.392800
0.379200
0.375200
0.374400
0.364800
0.365200
0.362800
0.343200
0.362000
0.394800
0.398000
0.386000
0.387600
0.381200
0.393200
0.385200
0.385200
0.379600
0.369200
0.370000
0.380400
0.374800
0.375600
0.359600
0.351200
0.357200
0.362000
0.369200
0.385200
0.385200
0.385600
0.379200
0.382400
0.381600
0.387200
0.382400
0.358000
0.358800
0.353200
0.358000
0.364800
0.369200
0.377600
0.366800
0.367600
0.358400
0.362800
0.354800
0.368000
0.370400
0.380000
0.370800
0.377200
0.382400
0.400800
0.374800
0.364400
0.376000
0.376800
0.396800
0.412400
0.398400
0.382400
0.360000
0.379200
0.367600
0.363600
0.357600
0.380400
0.392400
0.383600
0.383600
0.376400
0.380400
0.366800
0.374400
0.377600
0.380400
0.384400
0.386400
0.379600
0.376400
0.384400
0.379200
0.364400
0.383200
0.377200
0.375600
0.366800
0.357600
0.376000
0.378800
0.364000
0.365200
0.376800
0.372400
0.358800
0.376000
0.374000
0.368800
0.367600
0.372800
0.368000
0.380800
0.363600
0.357600
0.389200
0.365200
0.365600
0.348800
0.354000
0.370000
0.392000
0.400800
0.393200
0.385200
0.387200
0.388000
0.377600
0.364800
0.367200
0.384000
0.375600
0.386800
0.389200
0.374400
0.376400
0.380800
0.396000
0.386000
0.391200
0.380800
0.344000
0.332800
0.329200
0.362400
0.370000
0.395600
0.393600
0.389600
0.382800
0.382000
0.372400
0.354800
0.366000
0.361200
0.376800
0.379200
0.373600
0.362400
0.354800
0.375200
0.369600
0.376000
0.369200
0.356800
0.362800
0.352800
0.364400
0.392000
0.382000
0.381200
0.351200
0.358000
0.367200
0.366800
0.369600
0.368400
0.375600
0.386400
0.373600
0.367200
0.361600
0.373600
0.365200
0.370400
0.363200
0.370000
0.379600
0.380000
0.356400
0.377600
0.373600
0.385200
0.374400
0.362000
0.367600
0.371600
0.391200
0.390000
0.395200
0.376800
0.383600
0.364800
0.372400
0.372000
0.364400
0.368800
0.368000
0.362800
0.376400
0.365600
0.356800
0.361600
0.385200
0.410800
0.399200
0.388000
0.369200
0.371600
0.380000
0.374400
0.393200
0.386400
0.384000
0.389200
0.384000
0.379600
0.397200
0.378400
0.388800
0.362800
0.353600
0.364800
0.378400
0.379200
0.372000
0.362800
0.362000
0.386800
0.359200
0.374400
0.378000
0.372000
0.378800
0.361600
0.368800
0.368800
0.355600
0.346800
0.359200
0.361200
0.367600
0.396000
0.359200
0.349200
0.367600
0.378800
0.368000
0.380000
0.375200
0.388000
0.376000
0.364400
0.368400
0.372400
0.376800
0.389200
0.398400
0.392000
0.384800
0.395200
0.405200
0.386000
0.380000
0.358000
0.358800
0.362400
0.363600
0.380000
0.378800
0.394000
0.371200
0.372800
0.373600
0.374800
0.382800
0.399600
0.412400
0.389600
0.366400
0.361200
0.379600
0.353200
0.362000
