0.348700
0.277400
0.197200
0.141900
0.100800
0.072200
0.052900
0.038300
0.027800
0.023500
0.018700
0.014400
0.009400
0.008300
0.006500
0.005600
0.004700
0.003600
0.002500
0.002500
0.001800
0.001900
0.001800
0.001200
0.001000
0.000800
0.000900
0.000600
0.000500
0.000800
0.001000
0.002200
0.001900
0.002200
0.003100
0.003300
0.002500
0.002300
0.003300
0.003700
0.004600
0.005300
0.003500
0.003900
0.005100
0.006900
0.008600
0.008800
0.011000
0.011400
0.012600
0.013500
0.014700
0.018800
0.024100
0.027400
0.030300
0.029700
0.028400
0.034300
0.037500
0.042300
0.043000
0.042400
0.041100
0.042200
0.045000
0.049500
0.052200
0.060700
0.065700
0.065800
0.065900
0.065700
0.067000
0.067400
0.069500
0.071500
0.070100
0.070200
0.072300
0.076700
0.076300
0.070600
0.064000
0.059000
0.055600
0.052400
0.053100
0.048700
0.043200
0.035100
0.030700
0.026200
0.023700
0.019500
0.018200
0.017400
0.015700
0.014700
0.013500
0.014000
0.016100
0.017700
0.019500
0.018000
0.017900
0.018500
0.019700
0.019700
0.018500
0.017100
0.017400
0.017100
0.018100
0.017400
0.020400
0.021900
0.028100
0.026600
0.030700
0.034600
0.035300
0.041100
0.044500
0.046600
0.046600
0.048400
0.048300
0.053500
0.053600
0.054300
0.058000
0.059000
0.061100
0.062900
0.059500
0.057000
0.056100
0.057400
0.057700
0.059100
0.058100
0.054800
0.052600
0.052500
0.049900
0.049800
0.049500
0.050300
0.048600
0.043300
0.036000
0.030100
0.026600
0.022900
0.020500
0.018300
0.018100
0.017900
0.019900
0.018200
0.016800
0.017600
0.016700
0.017700
0.018700
0.018100
0.018700
0.018100
0.018700
0.020900
0.023300
0.024000
0.025100
0.025600
0.026200
0.028300
0.029800
0.029100
0.029800
0.033300
0.033400
0.039500
0.041800
0.048300
0.048600
0.053000
0.059000
0.057700
0.058800
0.058700
0.060500
0.062300
0.064800
0.060700
0.056700
0.053700
0.051000
0.050200
0.048900
0.047000
0.047700
0.045400
0.046100
0.045200
0.042800
0.045400
0.043800
0.039100
0.037900
0.035400
0.030500
0.029200
0.028500
0.025100
0.024300
0.021400
0.020900
0.020100
0.019100
0.016500
0.015700
0.016600
0.017700
0.020700
0.018200
0.018500
0.018900
0.020000
0.020000
0.019700
0.020500
0.022600
0.024400
0.026400
0.027800
0.032900
0.036700
0.039000
0.039000
0.042700
0.047100
0.051200
0.050400
0.054800
0.058000
0.053400
0.053900
0.059500
0.062200
0.065800
0.068300
0.064700
0.059400
0.057800
0.055200
0.052100
0.054400
0.053400
0.052200
0.051000
0.049600
0.049100
0.047700
0.048700
0.044400
0.041800
0.036500
0.037600
0.036100
0.035000
0.033500
0.032300
0.028700
0.030000
0.028000
0.026000
0.023100
0.019400
0.019500
0.016500
0.013600
0.014000
0.011800
0.011600
0.011200
0.011000
0.012300
0.012100
0.013400
0.016100
0.018900
0.017800
0.016100
0.019700
0.019800
0.019800
0.022600
0.025000
0.027900
0.030200
0.029900
0.034000
0.032100
0.030000
0.027800
0.027500
0.027100
0.025700
0.026100
0.027600
0.028800
0.030400
0.033600
0.041400
0.044000
0.051900
0.055900
0.059800
0.063500
0.067400
0.066000
0.060300
0.058100
0.053100
0.053000
0.051900
0.049900
0.047900
0.047500
0.046000
0.041600
0.038400
0.038500
0.038400
0.039100
0.038300
0.038300
0.038700
0.038700
0.038300
0.037300
0.035900
0.035700
0.034400
0.034400
0.037300
0.040500
0.041100
0.043200
0.044300
0.044600
0.047700
0.045200
0.044000
0.043200
0.043900
0.041100
0.041800
0.038600
0.037600
0.032400
0.031400
0.031100
0.034000
0.033300
0.030800
0.032200
0.037500
0.039700
0.039400
0.041600
0.044900
0.048700
0.050000
0.045600
0.043000
0.038600
0.041500
0.043300
0.041400
0.039700
0.038400
0.036600
0.037800
0.034400
0.032500
0.030700
0.030500
0.026100
0.023600
0.021500
0.017300
0.017300
0.019500
0.019300
0.021300
0.021100
0.020100
0.019100
0.019200
0.019300
0.019100
0.020500
0.019400
0.020700
0.023500
0.028100
0.030600
0.033300
0.040600
0.043600
0.054000
0.055200
0.057000
0.059600
0.062200
0.064700
0.071500
0.072700
0.070200
0.066200
0.060200
0.061900
0.057800
0.057800
0.053700
0.049200
0.048000
0.048700
0.046200
0.041900
0.039800
0.040500
0.037400
0.037000
0.036400
0.033400
0.033800
0.032800
0.034700
0.035600
0.035200
0.033700
0.031700
0.029900
0.027700
0.028700
0.026100
0.023700
0.022200
0.020800
0.020700
0.021600
0.021300
0.023400
0.024000
0.021800
0.021100
0.020900
0.024400
0.027400
0.029500
0.031400
0.031200
0.035100
0.039300
0.044400
0.051700
0.053500
0.055000
0.060700
0.065900
0.061500
0.062900
0.062100
0.060500
0.061000
0.059600
0.059400
0.063300
0.062900
0.057400
0.060800
0.060200
0.059400
0.053900
0.048700
0.045900
0.042600
0.040500
0.037600
0.034900
0.033100
0.030400
0.035100
0.034600
0.034300
0.033200
