0 0.275600
1 0.245600
2 0.222800
3 0.207200
4 0.205600
5 0.197600
6 0.186000
7 0.166800
8 0.167600
9 0.160800
10 0.167200
11 0.166000
12 0.160400
13 0.153200
14 0.139200
15 0.122800
16 0.116800
17 0.116400
18 0.110000
19 0.104800
20 0.102000
21 0.100400
22 0.098800
23 0.104000
24 0.101200
25 0.104000
26 0.107200
27 0.112800
28 0.103600
29 0.093200
30 0.098800
31 0.102400
32 0.108800
33 0.105600
34 0.114000
35 0.126800
36 0.125200
37 0.125200
38 0.120800
39 0.120400
40 0.112400
41 0.112000
42 0.104400
43 0.103200
44 0.103200
45 0.113600
46 0.112400
47 0.108800
48 0.101200
49 0.108800
50 0.104000
51 0.095600
52 0.102000
53 0.115600
54 0.126400
55 0.129200
56 0.124800
57 0.113200
58 0.106000
59 0.106400
60 0.113200
61 0.108800
62 0.121200
63 0.111200
64 0.100000
65 0.106400
66 0.113600
67 0.124400
68 0.114000
69 0.117200
70 0.100400
71 0.107200
72 0.096000
73 0.093600
74 0.094000
75 0.096800
76 0.097600
77 0.105600
78 0.111600
79 0.108800
80 0.095200
81 0.094400
82 0.093600
83 0.090800
84 0.091600
85 0.081200
86 0.076000
87 0.089600
88 0.098000
89 0.097600
90 0.092400
91 0.098000
92 0.094400
93 0.095200
94 0.098000
95 0.095200
96 0.096400
97 0.093200
98 0.096000
99 0.103600
100 0.094800
101 0.097600
102 0.104400
103 0.107200
104 0.114000
105 0.104400
106 0.114400
107 0.104400
108 0.112000
109 0.119200
110 0.117200
111 0.124800
112 0.126800
113 0.139200
114 0.127200
115 0.127600
116 0.128400
117 0.126400
118 0.129200
119 0.133600
120 0.146400
121 0.143200
122 0.138400
123 0.140800
124 0.143600
125 0.135600
126 0.137600
127 0.148400
128 0.147200
129 0.140400
130 0.143600
131 0.148000
132 0.144800
133 0.146400
134 0.147200
135 0.133600
136 0.133200
137 0.137200
138 0.134800
139 0.138000
140 0.138000
141 0.136400
142 0.122000
143 0.121600
144 0.120000
145 0.126400
146 0.122400
147 0.115600
148 0.109600
149 0.110800
150 0.112400
151 0.120400
152 0.136400
153 0.125200
154 0.130000
155 0.125200
156 0.133600
157 0.127200
158 0.134000
159 0.129200
160 0.125200
161 0.124400
162 0.121200
163 0.125600
164 0.131200
165 0.119200
166 0.124400
167 0.129600
168 0.121200
169 0.126800
170 0.124000
171 0.127600
172 0.116800
173 0.100800
174 0.093200
175 0.090800
176 0.087200
177 0.088400
178 0.090000
179 0.092800
180 0.094800
181 0.102400
182 0.100800
183 0.102800
184 0.100800
185 0.106800
186 0.113200
187 0.102400
188 0.105600
189 0.103200
190 0.105600
191 0.108400
192 0.110400
193 0.115200
194 0.119200
195 0.112400
196 0.104400
197 0.109200
198 0.110000
199 0.108800
200 0.111600
201 0.116400
202 0.104000
203 0.108000
204 0.112400
205 0.107200
206 0.112400
207 0.104000
208 0.098000
209 0.094800
210 0.098800
211 0.090800
212 0.093600
213 0.092800
214 0.090000
215 0.092800
216 0.089200
217 0.086800
218 0.096000
219 0.089600
220 0.084000
221 0.088000
222 0.080800
223 0.084400
224 0.089600
225 0.095600
226 0.094400
227 0.095200
228 0.089200
229 0.096400
230 0.092000
231 0.092800
232 0.095600
233 0.090400
234 0.093600
235 0.103200
236 0.111200
237 0.112800
238 0.111600
239 0.103200
240 0.100800
241 0.101600
242 0.095200
243 0.100400
244 0.106800
245 0.107600
246 0.113200
247 0.113600
248 0.113200
249 0.116000
250 0.116400
251 0.124800
252 0.111600
253 0.123600
254 0.118000
255 0.112800
256 0.110400
257 0.110800
258 0.116000
259 0.109200
260 0.119200
261 0.096400
262 0.097200
263 0.109600
264 0.111600
265 0.108400
266 0.112800
267 0.121600
268 0.121200
269 0.119600
270 0.120400
271 0.123600
272 0.123600
273 0.129600
274 0.134800
275 0.136800
276 0.138000
277 0.134800
278 0.124000
279 0.126400
280 0.124400
281 0.121200
282 0.121600
283 0.123200
284 0.102400
285 0.101600
286 0.098800
287 0.103200
288 0.107600
289 0.112000
290 0.112800
291 0.108800
292 0.104800
293 0.113200
294 0.124400
295 0.121200
296 0.114000
297 0.116800
298 0.112400
299 0.114000
300 0.104000
301 0.099200
302 0.101600
303 0.106000
304 0.100000
305 0.103600
306 0.110000
307 0.103600
308 0.098000
309 0.108800
310 0.120000
311 0.117200
312 0.108400
313 0.103200
314 0.100800
315 0.102800
316 0.103600
317 0.109600
318 0.106000
319 0.097600
320 0.109600
321 0.104400
322 0.105600
323 0.105200
324 0.110400
325 0.106000
326 0.096800
327 0.097200
328 0.102000
329 0.097600
330 0.094000
331 0.093600
332 0.107200
333 0.106400
334 0.108800
335 0.096800
336 0.106800
337 0.105600
338 0.107200
339 0.108400
340 0.116800
341 0.109600
342 0.110800
343 0.124800
344 0.128800
345 0.128400
346 0.129600
347 0.118400
348 0.119200
349 0.118800
350 0.136400
351 0.125600
352 0.123200
353 0.127200
354 0.124800
355 0.120400
356 0.139200
357 0.136800
358 0.135200
359 0.129600
360 0.130800
361 0.135600
362 0.132000
363 0.131200
364 0.128000
365 0.127600
366 0.137600
367 0.138000
368 0.133600
369 0.129600
370 0.131600
371 0.144400
372 0.143600
373 0.142800
374 0.137600
375 0.144000
376 0.155200
377 0.168800
378 0.160000
379 0.137200
380 0.144800
381 0.136800
382 0.136400
383 0.130400
384 0.136000
385 0.132000
386 0.129200
387 0.122800
388 0.124800
389 0.120000
390 0.121600
391 0.120400
392 0.128000
393 0.133200
394 0.134400
395 0.128000
396 0.122800
397 0.116000
398 0.115200
399 0.116000
400 0.110000
401 0.120800
402 0.114000
403 0.118000
404 0.106000
405 0.114400
406 0.116800
407 0.122400
408 0.120400
409 0.112000
410 0.112800
411 0.121200
412 0.123200
413 0.123200
414 0.126800
415 0.130400
416 0.128000
417 0.126400
418 0.119600
419 0.121200
420 0.120800
421 0.130400
422 0.133200
423 0.128400
424 0.116800
425 0.114800
426 0.114800
427 0.114400
428 0.112400
429 0.118800
430 0.119200
431 0.105600
432 0.101200
433 0.102800
434 0.115600
435 0.114800
436 0.118800
437 0.128800
438 0.129600
439 0.138400
440 0.132000
441 0.111600
442 0.109600
443 0.112400
444 0.105200
445 0.112800
446 0.117600
447 0.112800
448 0.112000
449 0.120800
450 0.122000
451 0.116800
452 0.120800
453 0.122800
454 0.125200
455 0.126000
456 0.127600
457 0.110400
458 0.106800
459 0.116400
460 0.117600
461 0.108400
462 0.106000
463 0.118000
464 0.125600
465 0.122800
466 0.122000
467 0.109200
468 0.113600
469 0.119200
470 0.112000
471 0.109200
472 0.108400
473 0.110800
474 0.101600
475 0.105200
476 0.108800
477 0.111200
478 0.112000
479 0.106400
480 0.107600
481 0.110400
482 0.106400
483 0.108400
484 0.113200
485 0.114000
486 0.112400
487 0.118800
488 0.101200
489 0.101200
490 0.108000
491 0.102000
492 0.107200
493 0.116800
494 0.107200
495 0.120000
496 0.116000
497 0.120400
498 0.124400
499 0.131200
500 0.135600
501 0.140800
502 0.134800
503 0.135600
504 0.136400
505 0.137200
506 0.144000
507 0.127200
508 0.128800
509 0.135600
510 0.151200
511 0.132800
512 0.123600
513 0.122000
514 0.124000
515 0.122000
516 0.124400
517 0.121600
518 0.125200
519 0.112000
520 0.116000
521 0.117200
522 0.118000
523 0.122000
524 0.110800
525 0.122800
526 0.122800
527 0.126400
528 0.126000
529 0.129200
530 0.138400
531 0.140000
532 0.145600
533 0.133600
534 0.129600
535 0.144000
536 0.134000
537 0.143200
538 0.146800
539 0.140400
540 0.128800
541 0.134000
542 0.130800
543 0.143600
544 0.148000
545 0.154400
546 0.146400
547 0.144800
548 0.151600
549 0.146800
550 0.138800
551 0.129200
552 0.130800
553 0.128000
554 0.124000
555 0.126400
556 0.114800
557 0.117200
558 0.106000
559 0.120400
560 0.107600
561 0.112400
562 0.110800
563 0.109200
564 0.116800
565 0.107600
566 0.110000
567 0.124000
568 0.105600
569 0.112400
570 0.117200
571 0.120800
572 0.117200
573 0.115600
574 0.113600
575 0.111200
576 0.108000
577 0.110400
578 0.108000
579 0.113200
580 0.107600
581 0.113600
582 0.113600
583 0.105600
584 0.108400
585 0.110400
586 0.098400
587 0.097600
588 0.102800
589 0.098000
590 0.107200
591 0.111600
592 0.112400
593 0.112800
594 0.119600
595 0.127600
596 0.130800
597 0.122800
598 0.121600
599 0.127600
600 0.138800
601 0.141600
602 0.134000
603 0.119200
604 0.113600
605 0.110000
606 0.119600
607 0.131200
608 0.130800
609 0.135600
610 0.135600
611 0.131600
612 0.136400
613 0.124400
614 0.111200
615 0.119200
616 0.112800
617 0.113200
618 0.115200
619 0.117600
620 0.126800
621 0.112400
622 0.117200
623 0.113200
624 0.117600
625 0.106400
626 0.118000
627 0.116000
628 0.122800
629 0.121600
630 0.125200
631 0.116800
632 0.130000
633 0.133200
634 0.132400
635 0.128400
636 0.128000
637 0.132400
638 0.124800
639 0.121200
640 0.129600
641 0.139200
642 0.139600
643 0.150800
644 0.148000
645 0.147600
646 0.154800
647 0.145200
648 0.140400
649 0.138800
650 0.141600
651 0.140400
652 0.145200
653 0.152400
654 0.153600
655 0.139600
656 0.136000
657 0.128400
658 0.120800
659 0.123200
660 0.124800
661 0.126800
662 0.130000
663 0.119600
664 0.121200
665 0.118400
666 0.122800
667 0.128800
668 0.130000
669 0.117600
670 0.124800
671 0.129200
672 0.139200
673 0.136800
674 0.130000
675 0.133200
676 0.136400
677 0.143600
678 0.134800
679 0.130000
680 0.132400
681 0.131600
682 0.134000
683 0.137200
684 0.137600
685 0.141200
686 0.132400
687 0.120800
688 0.118800
689 0.128400
690 0.131600
691 0.137200
692 0.131600
693 0.130400
694 0.136400
695 0.128400
696 0.137200
697 0.136000
698 0.137200
699 0.138400
700 0.132000
701 0.137200
702 0.136000
703 0.141600
704 0.137600
705 0.137200
706 0.126400
707 0.140000
708 0.146800
709 0.142800
710 0.142400
711 0.145200
712 0.141200
713 0.131200
714 0.134800
715 0.130400
716 0.128400
717 0.133200
718 0.119200
719 0.120000
720 0.127600
721 0.126400
722 0.121600
723 0.136800
724 0.131200
725 0.126000
726 0.131600
727 0.130800
728 0.129600
729 0.124800
730 0.128400
731 0.122400
732 0.112800
733 0.115600
734 0.108800
735 0.106000
736 0.120400
737 0.120400
738 0.123200
739 0.122400
740 0.125200
741 0.116400
742 0.120000
743 0.114400
744 0.122800
745 0.126800
746 0.120800
747 0.124000
748 0.128000
749 0.124000
750 0.126400
751 0.125600
752 0.123200
753 0.117600
754 0.130000
755 0.140000
756 0.141600
757 0.134400
758 0.130400
759 0.129200
760 0.136800
761 0.134400
762 0.120000
763 0.115600
764 0.110400
765 0.130400
766 0.131600
767 0.146800
768 0.136800
769 0.133600
770 0.117600
771 0.127600
772 0.120800
773 0.116800
774 0.126400
775 0.116000
776 0.115200
777 0.110400
778 0.120400
779 0.123600
780 0.122400
781 0.130000
782 0.129600
783 0.135600
784 0.133200
785 0.132800
786 0.130800
787 0.125200
788 0.112800
789 0.106000
790 0.109600
791 0.105600
792 0.107600
793 0.113600
794 0.122400
795 0.123600
796 0.132000
797 0.133200
798 0.128400
799 0.122800
800 0.122000
801 0.122400
802 0.119600
803 0.120000
804 0.126000
805 0.132000
806 0.117200
807 0.119600
808 0.130400
809 0.120800
810 0.124800
811 0.124800
812 0.122400
813 0.110000
814 0.116000
815 0.119200
816 0.126400
817 0.126400
818 0.125200
819 0.134400
820 0.119600
821 0.126800
822 0.126800
823 0.116000
824 0.119600
825 0.118000
826 0.117600
827 0.112800
828 0.111200
829 0.110000
830 0.114000
831 0.123600
832 0.110800
833 0.108400
834 0.094400
835 0.106000
836 0.108400
837 0.112800
838 0.116400
839 0.109200
840 0.112800
841 0.117600
842 0.103600
843 0.114800
844 0.110800
845 0.122400
846 0.128000
847 0.131600
848 0.130000
849 0.123200
850 0.121200
851 0.118000
852 0.118400
853 0.123200
854 0.116800
855 0.113200
856 0.108000
857 0.111200
858 0.100800
859 0.101200
860 0.110800
861 0.110400
862 0.106400
863 0.113200
864 0.117200
865 0.115200
866 0.116000
867 0.122800
868 0.116000
869 0.112800
870 0.111200
871 0.098000
872 0.100400
873 0.098400
874 0.096800
875 0.093600
876 0.097200
877 0.099200
878 0.103600
879 0.111200
880 0.112800
881 0.111600
882 0.125200
883 0.125600
884 0.122800
885 0.130000
886 0.128000
887 0.124800
888 0.122400
889 0.116400
890 0.115600
891 0.114000
892 0.114800
893 0.115600
894 0.114000
895 0.112400
896 0.107200
897 0.108000
898 0.096400
899 0.097600
900 0.097600
901 0.105200
902 0.103200
903 0.095200
904 0.091200
905 0.090000
906 0.086000
907 0.093200
908 0.100800
909 0.098000
910 0.091200
911 0.092400
912 0.094000
913 0.091600
914 0.096400
915 0.102400
916 0.110400
917 0.116800
918 0.116800
919 0.104400
920 0.103200
921 0.107200
922 0.108800
923 0.104400
924 0.100400
925 0.096000
926 0.101200
927 0.110800
928 0.101600
929 0.106400
930 0.109200
931 0.099200
932 0.094000
933 0.095600
934 0.106000
935 0.098400
936 0.092000
937 0.095200
938 0.102800
939 0.107200
940 0.107200
941 0.109600
942 0.114400
943 0.122000
944 0.110000
945 0.107200
946 0.097600
947 0.095200
948 0.088800
949 0.100000
950 0.100400
951 0.099200
952 0.084400
953 0.093200
954 0.096400
955 0.104000
956 0.112800
957 0.113200
958 0.107200
959 0.094400
960 0.094000
961 0.090000
962 0.088400
963 0.082000
964 0.093200
965 0.091600
966 0.094800
967 0.103600
968 0.109600
969 0.111600
970 0.114800
971 0.105200
972 0.111200
973 0.124400
974 0.119600
975 0.114000
976 0.107600
977 0.116000
978 0.130400
979 0.124800
980 0.124400
981 0.124800
982 0.124000
983 0.125600
984 0.129600
985 0.128800
986 0.128000
987 0.134000
988 0.141600
989 0.140800
990 0.135600
991 0.130800
992 0.124800
993 0.119600
994 0.122400
995 0.128400
996 0.133600
997 0.126400
998 0.115200
999 0.128000
1000 0.130400
1001 0.131200
1002 0.133600
1003 0.129200
1004 0.121600
1005 0.116400
1006 0.123600
1007 0.133200
1008 0.137600
1009 0.128000
1010 0.122000
1011 0.115600
1012 0.114000
1013 0.114800
1014 0.115600
1015 0.115200
1016 0.117200
1017 0.114000
1018 0.116000
1019 0.109200
1020 0.114400
1021 0.112000
1022 0.107200
1023 0.109600
1024 0.114800
1025 0.120000
1026 0.122800
1027 0.103600
1028 0.102400
1029 0.124000
1030 0.115600
1031 0.121600
1032 0.121600
1033 0.121200
1034 0.130400
1035 0.131200
1036 0.140000
1037 0.137200
1038 0.134800
1039 0.129200
1040 0.122800
1041 0.110400
1042 0.109200
1043 0.111200
1044 0.109600
1045 0.107200
1046 0.107200
1047 0.122800
1048 0.124000
1049 0.124800
1050 0.121600
1051 0.112800
1052 0.112400
1053 0.116000
1054 0.121200
1055 0.118400
1056 0.120400
1057 0.128800
1058 0.130800
1059 0.130400
1060 0.125600
1061 0.136000
1062 0.120400
1063 0.122000
1064 0.112800
1065 0.116800
1066 0.123200
1067 0.123600
1068 0.125600
1069 0.118000
1070 0.114400
1071 0.105600
1072 0.107200
1073 0.106000
1074 0.093200
1075 0.095200
1076 0.105200
1077 0.104400
1078 0.099200
1079 0.094000
1080 0.081600
1081 0.082800
1082 0.091200
1083 0.090800
1084 0.088000
1085 0.078000
1086 0.084000
1087 0.086400
1088 0.088800
1089 0.090800
1090 0.098400
1091 0.099600
1092 0.098400
1093 0.102800
1094 0.107200
1095 0.101600
1096 0.100800
1097 0.107600
1098 0.099200
1099 0.101600
1100 0.104000
1101 0.112800
1102 0.118800
1103 0.118400
1104 0.123200
1105 0.118000
1106 0.101600
1107 0.093200
1108 0.093600
1109 0.089600
1110 0.083600
1111 0.089600
1112 0.087600
1113 0.086800
1114 0.091600
1115 0.092400
1116 0.100000
1117 0.094800
1118 0.098000
1119 0.094400
1120 0.093600
1121 0.095600
1122 0.108000
1123 0.095200
1124 0.096800
1125 0.105600
1126 0.105200
1127 0.101200
1128 0.102000
1129 0.105200
1130 0.113200
1131 0.107600
1132 0.111600
1133 0.110800
1134 0.111200
1135 0.123600
1136 0.128400
1137 0.114800
1138 0.114000
1139 0.120400
1140 0.124800
1141 0.123600
1142 0.124400
1143 0.110800
1144 0.101200
1145 0.103600
1146 0.102000
1147 0.100800
1148 0.106800
1149 0.113600
1150 0.108800
1151 0.112800
1152 0.100800
1153 0.105200
1154 0.107200
1155 0.103600
1156 0.111600
1157 0.106000
1158 0.110400
1159 0.114000
1160 0.107600
1161 0.104000
1162 0.109600
1163 0.110800
1164 0.115600
1165 0.115200
1166 0.107200
1167 0.105200
1168 0.106800
1169 0.108800
1170 0.101200
1171 0.106000
1172 0.096400
1173 0.092400
1174 0.095200
1175 0.095200
1176 0.099600
1177 0.104000
1178 0.102400
1179 0.105200
1180 0.112800
1181 0.113200
1182 0.109200
1183 0.117600
1184 0.106800
1185 0.115200
1186 0.114000
1187 0.115600
1188 0.130000
1189 0.118000
1190 0.113600
1191 0.113200
1192 0.111200
1193 0.103600
1194 0.107600
1195 0.104400
1196 0.100400
1197 0.100400
1198 0.089600
1199 0.096400
1200 0.095200
1201 0.108400
1202 0.106000
1203 0.113200
1204 0.118000
1205 0.117200
1206 0.122000
1207 0.116800
1208 0.116400
1209 0.115600
1210 0.110800
1211 0.116000
1212 0.107200
1213 0.111600
1214 0.112000
1215 0.111200
1216 0.103600
1217 0.100800
1218 0.109600
1219 0.110800
1220 0.108400
1221 0.122000
1222 0.123600
1223 0.117600
1224 0.112000
1225 0.102400
1226 0.100000
1227 0.089600
1228 0.091600
1229 0.092800
1230 0.088000
1231 0.092800
1232 0.095600
1233 0.102000
1234 0.111200
1235 0.112400
1236 0.117200
1237 0.116400
1238 0.119200
1239 0.122800
1240 0.124400
1241 0.117600
1242 0.118400
1243 0.120000
1244 0.120000
1245 0.116400
1246 0.121200
1247 0.125200
1248 0.122400
1249 0.125600
1250 0.114800
1251 0.111600
1252 0.112800
1253 0.122800
1254 0.124000
1255 0.128000
1256 0.134800
1257 0.126000
1258 0.122800
1259 0.135200
1260 0.139200
1261 0.130400
1262 0.139200
1263 0.140000
1264 0.152000
1265 0.154800
1266 0.152000
1267 0.154000
1268 0.150000
1269 0.135600
1270 0.123200
1271 0.126800
1272 0.134400
1273 0.137600
1274 0.132000
1275 0.134000
1276 0.138400
1277 0.135200
1278 0.138800
1279 0.150000
1280 0.150800
1281 0.162800
1282 0.160400
1283 0.144800
1284 0.136800
1285 0.139200
1286 0.147200
1287 0.142400
1288 0.131600
1289 0.132800
1290 0.132800
1291 0.138000
1292 0.132400
1293 0.132800
1294 0.136400
1295 0.128000
1296 0.119200
1297 0.120800
1298 0.121200
1299 0.122800
1300 0.118800
1301 0.121600
1302 0.116000
1303 0.128400
1304 0.113600
1305 0.106800
1306 0.107200
1307 0.113600
1308 0.108000
1309 0.103600
1310 0.096800
1311 0.086400
1312 0.102800
1313 0.102400
1314 0.102800
1315 0.103200
1316 0.106400
1317 0.110800
1318 0.108000
1319 0.109600
1320 0.108000
1321 0.099200
1322 0.104000
1323 0.107600
1324 0.114400
1325 0.112400
1326 0.117200
1327 0.113200
1328 0.116800
1329 0.116400
1330 0.129200
1331 0.126400
1332 0.112000
1333 0.115600
1334 0.117600
1335 0.112800
1336 0.114400
1337 0.116400
1338 0.125200
1339 0.128400
1340 0.141600
1341 0.141600
1342 0.136800
1343 0.144400
1344 0.133600
1345 0.131600
1346 0.124400
1347 0.132400
1348 0.131200
1349 0.130400
1350 0.132400
1351 0.120000
1352 0.117200
1353 0.123600
1354 0.122800
1355 0.126400
1356 0.126800
1357 0.124800
1358 0.117600
1359 0.113600
1360 0.103600
1361 0.109600
1362 0.117200
1363 0.116400
1364 0.102800
1365 0.109600
1366 0.113200
1367 0.128000
1368 0.131600
1369 0.137200
1370 0.156000
1371 0.158800
1372 0.150800
1373 0.134800
1374 0.124400
1375 0.126400
1376 0.130400
1377 0.145200
1378 0.140000
1379 0.145600
1380 0.146000
1381 0.138800
1382 0.132000
1383 0.126000
1384 0.128000
1385 0.124800
1386 0.125600
1387 0.124000
1388 0.129200
1389 0.120000
1390 0.121600
1391 0.114400
1392 0.118800
1393 0.129600
1394 0.126400
1395 0.116000
1396 0.109600
1397 0.104000
1398 0.094400
1399 0.086400
1400 0.080400
1401 0.084000
1402 0.086400
1403 0.089600
1404 0.094000
1405 0.091200
1406 0.090000
1407 0.093200
1408 0.090400
1409 0.091200
1410 0.096800
1411 0.092000
1412 0.094800
1413 0.104000
1414 0.103600
1415 0.101600
1416 0.102400
1417 0.100000
1418 0.096800
1419 0.092000
1420 0.093600
1421 0.099200
1422 0.100000
1423 0.092400
1424 0.094000
1425 0.103200
1426 0.106800
1427 0.110800
1428 0.120000
1429 0.120000
1430 0.119600
1431 0.117600
1432 0.110000
1433 0.114400
1434 0.110800
1435 0.114400
1436 0.117200
1437 0.098800
1438 0.104000
1439 0.105600
1440 0.097200
1441 0.100000
1442 0.092800
1443 0.094000
1444 0.095200
1445 0.098000
1446 0.094400
1447 0.084400
1448 0.084400
1449 0.093200
1450 0.086400
1451 0.080400
1452 0.082800
1453 0.088800
1454 0.085200
1455 0.090000
1456 0.096400
1457 0.097600
1458 0.099200
1459 0.101200
1460 0.108000
1461 0.105200
1462 0.100000
1463 0.107600
1464 0.116400
1465 0.116400
1466 0.112000
1467 0.109600
1468 0.109600
1469 0.102800
1470 0.098400
1471 0.107200
1472 0.107600
1473 0.108400
1474 0.102400
1475 0.104800
1476 0.115600
1477 0.126800
1478 0.113200
1479 0.120800
1480 0.106800
1481 0.111600
1482 0.110800
1483 0.108400
1484 0.110400
1485 0.110800
1486 0.108800
1487 0.117200
1488 0.112400
1489 0.124800
1490 0.123200
1491 0.128000
1492 0.126400
1493 0.122000
1494 0.133200
1495 0.128800
1496 0.127600
1497 0.129200
1498 0.125600
1499 0.125200
1500 0.119600
1501 0.124800
1502 0.138000
1503 0.130800
1504 0.125200
1505 0.115600
1506 0.116400
1507 0.116400
1508 0.124000
1509 0.125200
1510 0.115600
1511 0.107200
1512 0.096400
1513 0.095600
1514 0.109200
1515 0.114000
1516 0.114400
1517 0.118400
1518 0.125600
1519 0.124000
1520 0.109200
1521 0.123200
1522 0.137200
1523 0.134400
1524 0.144800
1525 0.137200
1526 0.136800
1527 0.136400
1528 0.136800
1529 0.139200
1530 0.137600
1531 0.142000
1532 0.149600
1533 0.153200
1534 0.138400
1535 0.140400
1536 0.148400
1537 0.150800
1538 0.152400
1539 0.144400
1540 0.152400
1541 0.158000
1542 0.152400
1543 0.156000
1544 0.150800
1545 0.148000
1546 0.142000
1547 0.151600
1548 0.145600
1549 0.151200
1550 0.140400
1551 0.144000
1552 0.144800
1553 0.139200
1554 0.143200
1555 0.136000
1556 0.131200
1557 0.126400
1558 0.121600
1559 0.124000
1560 0.132400
1561 0.136400
1562 0.126400
1563 0.129200
1564 0.122800
1565 0.127600
1566 0.118400
1567 0.118400
1568 0.136000
1569 0.136000
1570 0.147600
1571 0.140400
1572 0.142800
1573 0.139200
1574 0.134800
1575 0.148000
1576 0.142000
1577 0.139200
1578 0.133600
1579 0.126800
1580 0.143200
1581 0.135600
1582 0.123200
1583 0.121200
1584 0.120000
1585 0.126400
1586 0.137200
1587 0.140800
1588 0.125200
1589 0.135200
1590 0.124800
1591 0.124000
1592 0.133600
1593 0.140400
1594 0.133200
1595 0.124800
1596 0.120000
1597 0.118000
1598 0.117200
1599 0.124000
1600 0.121600
1601 0.129200
1602 0.118800
1603 0.113600
1604 0.112800
1605 0.116000
1606 0.111600
1607 0.115600
1608 0.120000
1609 0.119600
1610 0.124000
1611 0.114800
1612 0.119200
1613 0.128800
1614 0.138000
1615 0.135600
1616 0.143200
1617 0.134400
1618 0.138000
1619 0.135200
1620 0.134800
1621 0.130400
1622 0.130000
1623 0.127200
1624 0.118400
1625 0.118800
1626 0.116000
1627 0.118800
1628 0.113200
1629 0.125200
1630 0.115600
1631 0.110800
1632 0.110000
1633 0.110000
1634 0.110000
1635 0.117600
1636 0.122400
1637 0.117600
1638 0.115600
1639 0.116400
1640 0.119200
1641 0.122400
1642 0.112400
1643 0.109200
1644 0.111200
1645 0.112400
1646 0.114800
1647 0.119600
1648 0.123600
1649 0.121200
1650 0.119200
1651 0.121600
1652 0.118800
1653 0.121600
1654 0.122000
1655 0.108000
1656 0.107600
1657 0.106000
1658 0.099600
1659 0.099200
1660 0.104000
1661 0.110800
1662 0.109600
1663 0.104400
1664 0.110400
1665 0.104400
1666 0.109200
1667 0.113600
1668 0.117200
1669 0.122400
1670 0.124800
1671 0.117200
1672 0.124800
1673 0.131600
1674 0.130800
1675 0.145600
1676 0.137600
1677 0.144400
1678 0.136400
1679 0.150000
1680 0.145200
1681 0.142400
1682 0.142800
1683 0.144400
1684 0.142000
1685 0.133200
1686 0.132000
1687 0.115600
1688 0.120800
1689 0.127200
1690 0.126000
1691 0.123200
1692 0.135200
1693 0.136800
1694 0.128400
1695 0.130000
1696 0.120800
1697 0.122000
1698 0.120800
1699 0.138000
1700 0.142000
1701 0.129200
1702 0.126800
1703 0.136800
1704 0.134800
1705 0.126400
1706 0.125600
1707 0.120400
1708 0.120400
1709 0.119200
1710 0.118400
1711 0.119600
1712 0.129600
1713 0.126000
1714 0.126400
1715 0.132800
1716 0.130800
1717 0.129600
1718 0.134400
1719 0.140400
1720 0.140400
1721 0.129200
1722 0.128400
1723 0.125600
1724 0.128800
1725 0.130800
1726 0.118400
1727 0.118800
1728 0.126400
1729 0.129200
1730 0.118000
1731 0.130000
1732 0.132000
1733 0.131200
1734 0.134400
1735 0.138800
1736 0.132000
1737 0.130800
1738 0.133200
1739 0.137600
1740 0.137200
1741 0.136800
1742 0.134000
1743 0.128400
1744 0.126000
1745 0.118000
1746 0.126400
1747 0.121600
1748 0.118800
1749 0.114000
1750 0.120400
1751 0.112000
1752 0.112400
1753 0.109600
1754 0.109200
1755 0.112000
1756 0.112400
1757 0.113600
1758 0.114800
1759 0.118400
1760 0.116000
1761 0.121600
1762 0.123600
1763 0.128000
1764 0.120400
1765 0.118400
1766 0.120400
1767 0.116400
1768 0.111600
1769 0.110000
1770 0.110400
1771 0.106000
1772 0.101600
1773 0.103200
1774 0.105600
1775 0.099600
1776 0.100800
1777 0.104400
1778 0.102000
1779 0.099200
1780 0.107200
1781 0.100000
1782 0.104800
1783 0.100800
1784 0.108800
1785 0.104400
1786 0.100800
1787 0.100800
1788 0.093200
1789 0.088400
1790 0.094800
1791 0.091600
1792 0.094000
1793 0.101200
1794 0.103600
1795 0.100800
1796 0.096800
1797 0.097200
1798 0.090400
1799 0.098000
1800 0.095200
1801 0.100400
1802 0.098000
1803 0.108000
1804 0.106800
1805 0.106400
1806 0.113600
1807 0.115600
1808 0.114000
1809 0.123200
1810 0.118400
1811 0.116800
1812 0.114800
1813 0.126800
1814 0.140000
1815 0.140000
1816 0.126000
1817 0.126000
1818 0.146400
1819 0.148800
1820 0.144000
1821 0.137200
1822 0.140800
1823 0.135200
1824 0.125200
1825 0.119200
1826 0.106000
1827 0.112000
1828 0.111200
1829 0.123600
1830 0.120400
1831 0.128800
1832 0.118800
1833 0.120400
1834 0.116800
1835 0.115200
1836 0.107600
1837 0.112400
1838 0.118800
1839 0.113600
1840 0.104800
1841 0.107200
1842 0.106400
1843 0.121600
1844 0.112800
1845 0.109200
1846 0.116400
1847 0.108400
1848 0.112000
1849 0.108000
1850 0.105200
1851 0.113200
1852 0.116400
1853 0.112000
1854 0.113200
1855 0.114400
1856 0.112800
1857 0.114800
1858 0.122400
1859 0.130400
1860 0.132400
1861 0.132400
1862 0.142800
1863 0.144400
1864 0.132400
1865 0.138800
1866 0.132400
1867 0.116800
1868 0.121200
1869 0.117600
1870 0.110400
1871 0.109200
1872 0.109600
1873 0.102400
1874 0.100000
1875 0.109600
1876 0.108800
1877 0.111600
1878 0.114800
1879 0.107200
1880 0.113200
1881 0.106400
1882 0.103600
1883 0.108400
1884 0.109200
1885 0.111600
1886 0.115600
1887 0.103600
1888 0.103600
1889 0.102000
1890 0.099600
1891 0.104000
1892 0.098400
1893 0.103600
1894 0.101200
1895 0.096000
1896 0.094400
1897 0.092400
1898 0.089600
1899 0.099600
1900 0.112800
1901 0.115600
1902 0.113600
1903 0.107600
1904 0.096000
1905 0.112800
1906 0.105600
1907 0.094400
1908 0.088000
1909 0.097600
1910 0.099600
1911 0.110800
1912 0.121200
1913 0.127600
1914 0.133200
1915 0.139600
1916 0.120800
1917 0.121600
1918 0.119200
1919 0.118800
1920 0.123200
1921 0.114800
1922 0.115200
1923 0.108400
1924 0.116800
1925 0.126400
1926 0.125600
1927 0.119600
1928 0.115600
1929 0.108000
1930 0.110800
1931 0.110000
1932 0.118800
1933 0.110400
1934 0.111200
1935 0.103600
1936 0.099600
1937 0.098400
1938 0.098800
1939 0.098400
1940 0.100400
1941 0.097600
1942 0.098000
1943 0.101200
1944 0.102000
1945 0.113200
1946 0.116000
1947 0.115600
1948 0.109200
1949 0.103200
1950 0.102400
1951 0.114800
1952 0.126400
1953 0.124800
1954 0.129600
1955 0.124000
1956 0.122000
1957 0.111200
1958 0.109600
1959 0.125600
1960 0.129600
1961 0.128400
1962 0.126800
1963 0.126000
1964 0.126800
1965 0.121600
1966 0.124400
1967 0.125600
1968 0.126400
1969 0.125600
1970 0.118400
1971 0.114000
1972 0.110000
1973 0.114400
1974 0.109600
1975 0.102800
1976 0.105200
1977 0.112800
1978 0.122000
1979 0.123200
1980 0.125200
1981 0.124800
1982 0.128800
1983 0.133200
1984 0.122400
1985 0.114400
1986 0.124800
1987 0.115200
1988 0.111200
1989 0.112400
1990 0.118000
1991 0.116400
1992 0.115200
1993 0.117600
1994 0.114800
1995 0.113600
1996 0.105600
1997 0.104400
1998 0.111600
1999 0.115200
2000 0.112400
2001 0.117600
2002 0.116000
2003 0.122000
2004 0.115200
2005 0.102000
2006 0.109200
2007 0.121600
2008 0.127200
2009 0.140000
2010 0.130000
2011 0.127600
2012 0.108400
2013 0.111200
2014 0.116800
2015 0.115600
2016 0.122800
2017 0.135200
2018 0.125600
2019 0.126800
2020 0.136000
2021 0.121600
2022 0.116000
2023 0.109200
2024 0.113200
2025 0.119600
2026 0.128000
2027 0.116400
2028 0.115600
2029 0.118000
2030 0.114000
2031 0.106000
2032 0.100800
2033 0.107600
2034 0.109200
2035 0.110400
2036 0.104000
2037 0.105600
2038 0.100400
2039 0.110000
2040 0.105200
2041 0.107200
2042 0.108800
2043 0.112000
2044 0.117600
2045 0.114400
2046 0.109600
2047 0.097600
2048 0.106400
2049 0.101600
2050 0.096800
2051 0.101600
2052 0.105600
2053 0.113200
2054 0.118800
2055 0.112800
2056 0.110800
2057 0.109600
2058 0.104400
2059 0.093600
2060 0.105200
2061 0.104000
2062 0.102400
2063 0.098400
2064 0.094800
2065 0.092800
2066 0.103600
2067 0.102800
2068 0.101600
2069 0.120800
2070 0.124000
2071 0.118000
2072 0.113200
2073 0.104800
2074 0.108000
2075 0.116400
2076 0.106400
2077 0.105600
2078 0.110000
2079 0.110400
2080 0.114800
2081 0.114800
2082 0.111200
2083 0.109600
2084 0.106400
2085 0.117600
2086 0.118400
2087 0.120800
2088 0.129600
2089 0.127600
2090 0.133200
2091 0.136400
2092 0.143200
2093 0.141200
2094 0.143600
2095 0.136800
2096 0.147200
2097 0.144000
2098 0.131200
2099 0.128400
2100 0.132400
2101 0.127600
2102 0.128400
2103 0.138800
2104 0.125200
2105 0.120800
2106 0.127600
2107 0.122000
2108 0.134800
2109 0.128400
2110 0.133200
2111 0.125600
2112 0.124000
2113 0.128000
2114 0.122000
2115 0.138800
2116 0.118800
2117 0.108800
2118 0.111600
2119 0.114000
2120 0.120000
2121 0.123600
2122 0.114400
2123 0.107600
2124 0.113200
2125 0.110400
2126 0.114800
2127 0.121600
2128 0.120400
2129 0.128000
2130 0.138800
2131 0.131600
2132 0.128000
2133 0.116000
2134 0.129200
2135 0.128000
2136 0.127200
2137 0.124000
2138 0.122400
2139 0.123600
2140 0.114400
2141 0.112800
2142 0.118400
2143 0.103600
2144 0.120000
2145 0.113600
2146 0.110400
2147 0.118000
2148 0.122000
2149 0.118400
2150 0.114800
2151 0.106000
2152 0.102400
2153 0.098800
2154 0.096800
2155 0.096400
2156 0.108800
2157 0.105600
2158 0.097600
2159 0.093600
2160 0.091200
2161 0.096400
2162 0.104800
2163 0.106400
2164 0.110400
2165 0.111200
2166 0.109200
2167 0.110800
2168 0.106800
2169 0.103600
2170 0.098000
2171 0.102000
2172 0.107200
2173 0.106800
2174 0.098800
2175 0.108000
2176 0.107200
2177 0.098400
2178 0.091600
2179 0.084800
2180 0.083600
2181 0.089600
2182 0.098400
2183 0.092800
2184 0.092000
2185 0.091600
2186 0.092400
2187 0.092400
2188 0.091200
2189 0.090800
2190 0.096800
2191 0.102800
2192 0.092800
2193 0.093200
2194 0.095600
2195 0.098400
2196 0.098400
2197 0.097600
2198 0.097200
2199 0.103200
2200 0.093200
2201 0.098400
2202 0.089200
2203 0.087600
2204 0.090000
2205 0.089600
2206 0.086800
2207 0.084400
2208 0.092800
2209 0.106400
2210 0.092800
2211 0.099600
2212 0.090000
2213 0.097200
2214 0.103200
2215 0.105600
2216 0.100400
2217 0.091200
2218 0.091200
2219 0.093600
2220 0.097600
2221 0.105200
2222 0.100800
2223 0.096800
2224 0.097600
2225 0.087200
2226 0.095200
2227 0.097600
2228 0.110400
2229 0.106800
2230 0.114000
2231 0.101200
2232 0.102800
2233 0.105600
2234 0.103600
2235 0.111600
2236 0.114800
2237 0.109600
2238 0.119600
2239 0.111200
2240 0.111600
2241 0.106000
2242 0.107600
2243 0.111200
2244 0.102000
2245 0.098400
2246 0.098000
2247 0.102800
2248 0.111600
2249 0.106000
2250 0.109600
2251 0.108400
2252 0.103600
2253 0.100800
2254 0.096800
2255 0.101600
2256 0.105600
2257 0.110400
2258 0.108800
2259 0.118800
2260 0.112400
2261 0.105200
2262 0.104000
2263 0.106800
2264 0.106400
2265 0.104800
2266 0.114400
2267 0.116400
2268 0.116400
2269 0.112400
2270 0.111600
2271 0.110400
2272 0.115200
2273 0.115600
2274 0.112800
2275 0.115200
2276 0.105600
2277 0.102000
2278 0.101200
2279 0.106400
2280 0.112000
2281 0.115200
2282 0.117200
2283 0.121200
2284 0.124000
2285 0.127200
2286 0.129200
2287 0.129600
2288 0.119200
2289 0.116400
2290 0.120800
2291 0.124000
2292 0.121600
2293 0.113600
2294 0.114800
2295 0.106400
2296 0.114000
2297 0.113200
2298 0.120800
2299 0.118400
2300 0.121200
2301 0.125600
2302 0.112400
2303 0.114400
2304 0.107600
2305 0.108400
2306 0.116400
2307 0.110400
2308 0.105600
2309 0.099200
2310 0.104400
2311 0.114400
2312 0.106400
2313 0.112400
2314 0.111200
2315 0.121200
2316 0.116400
2317 0.122000
2318 0.116800
2319 0.112800
2320 0.116000
2321 0.112800
2322 0.108400
2323 0.118800
2324 0.122000
2325 0.112400
2326 0.109600
2327 0.107600
2328 0.120400
2329 0.125600
2330 0.127200
2331 0.122400
2332 0.118000
2333 0.112400
2334 0.113200
2335 0.114800
2336 0.103200
2337 0.097200
2338 0.095200
2339 0.105200
2340 0.107200
2341 0.104400
2342 0.092800
2343 0.090400
2344 0.086400
2345 0.095200
2346 0.084800
2347 0.091600
2348 0.101600
2349 0.106800
2350 0.101600
2351 0.095200
2352 0.095600
2353 0.098000
2354 0.090800
2355 0.100800
2356 0.114400
2357 0.112400
2358 0.108400
2359 0.106000
2360 0.104800
2361 0.108400
2362 0.111200
2363 0.112800
2364 0.107200
2365 0.102000
2366 0.106800
2367 0.117200
2368 0.124800
2369 0.129200
2370 0.128800
2371 0.127600
2372 0.131600
2373 0.127600
2374 0.126400
2375 0.116400
2376 0.124000
2377 0.123200
2378 0.119200
2379 0.125600
2380 0.132000
2381 0.132000
2382 0.123600
2383 0.116000
2384 0.122000
2385 0.121600
2386 0.112400
2387 0.118800
2388 0.104000
2389 0.108000
2390 0.108000
2391 0.101600
2392 0.090400
2393 0.096000
2394 0.102400
2395 0.109200
2396 0.118400
2397 0.106000
2398 0.110800
2399 0.115600
2400 0.104000
2401 0.124400
2402 0.125200
2403 0.130000
2404 0.122000
2405 0.130400
2406 0.121600
2407 0.115200
2408 0.109600
2409 0.114800
2410 0.115600
2411 0.119600
2412 0.132400
2413 0.122000
2414 0.112000
2415 0.115200
2416 0.112800
2417 0.119200
2418 0.121600
2419 0.122800
2420 0.119200
2421 0.115600
2422 0.119600
2423 0.116800
2424 0.117600
2425 0.122400
2426 0.121200
2427 0.114000
2428 0.111600
2429 0.122400
2430 0.112400
2431 0.106000
2432 0.108400
2433 0.108400
2434 0.102000
2435 0.112000
2436 0.107600
2437 0.111200
2438 0.103600
2439 0.103200
2440 0.099600
2441 0.096000
2442 0.100000
2443 0.109600
2444 0.107200
2445 0.098400
2446 0.095600
2447 0.100400
2448 0.097600
2449 0.098000
2450 0.099200
2451 0.097600
2452 0.102400
2453 0.109200
2454 0.106800
2455 0.102400
2456 0.106800
2457 0.114800
2458 0.118800
2459 0.116800
2460 0.110400
2461 0.108000
2462 0.114000
2463 0.106000
2464 0.096000
2465 0.112400
2466 0.102000
2467 0.116000
2468 0.120400
2469 0.103200
2470 0.100400
2471 0.109200
2472 0.110800
2473 0.110400
2474 0.109600
2475 0.107200
2476 0.104000
2477 0.105600
2478 0.111600
2479 0.114000
2480 0.113600
2481 0.105200
2482 0.096400
2483 0.104400
2484 0.111200
2485 0.120000
2486 0.121200
2487 0.122000
2488 0.121200
2489 0.122800
2490 0.112400
2491 0.110800
2492 0.114000
2493 0.106800
2494 0.110800
2495 0.113600
2496 0.112400
2497 0.122400
2498 0.119600
2499 0.109600
2500 0.112800
2501 0.112400
2502 0.114000
2503 0.117600
2504 0.120000
2505 0.126000
2506 0.127600
2507 0.125600
2508 0.124800
2509 0.127200
2510 0.126400
2511 0.118400
2512 0.108400
2513 0.112000
2514 0.122000
2515 0.111200
2516 0.112400
2517 0.110800
2518 0.112400
2519 0.109600
2520 0.107200
2521 0.106000
2522 0.111200
2523 0.116000
2524 0.120000
2525 0.116400
2526 0.122800
2527 0.115600
2528 0.112800
2529 0.117600
2530 0.116800
2531 0.112000
2532 0.116800
2533 0.117200
2534 0.114400
2535 0.115200
2536 0.112000
2537 0.108000
2538 0.105200
2539 0.098400
2540 0.098800
2541 0.114000
2542 0.112800
2543 0.109200
2544 0.109200
2545 0.095200
2546 0.102000
2547 0.114000
2548 0.102400
2549 0.107200
2550 0.107600
2551 0.110800
2552 0.108400
2553 0.118800
2554 0.115600
2555 0.110800
2556 0.114800
2557 0.119600
2558 0.114000
2559 0.116400
2560 0.134400
2561 0.136400
2562 0.125600
2563 0.126400
2564 0.128000
2565 0.133200
2566 0.130000
2567 0.117200
2568 0.116000
2569 0.122400
2570 0.118000
2571 0.112400
2572 0.103200
2573 0.104800
2574 0.098400
2575 0.100400
2576 0.100800
2577 0.098000
2578 0.108800
2579 0.109600
2580 0.114800
2581 0.108400
2582 0.115600
2583 0.128800
2584 0.118800
2585 0.112000
2586 0.114000
2587 0.124800
2588 0.138000
2589 0.124400
2590 0.123600
2591 0.123600
2592 0.124000
2593 0.128400
2594 0.137600
2595 0.126400
2596 0.121200
2597 0.117200
2598 0.112400
2599 0.114400
2600 0.115600
2601 0.111600
2602 0.122000
2603 0.139600
2604 0.144400
2605 0.134000
2606 0.144000
2607 0.140000
2608 0.131600
2609 0.121200
2610 0.124000
2611 0.115600
2612 0.108400
2613 0.118800
2614 0.115200
2615 0.111600
2616 0.107200
2617 0.110800
2618 0.106000
2619 0.112400
2620 0.109600
2621 0.108000
2622 0.107600
2623 0.117600
2624 0.122400
2625 0.113200
2626 0.110000
2627 0.117600
2628 0.120800
2629 0.124000
2630 0.119200
2631 0.125600
2632 0.126800
2633 0.130000
2634 0.133600
2635 0.130800
2636 0.122400
2637 0.123200
2638 0.121200
2639 0.112800
2640 0.132400
2641 0.134800
2642 0.126400
2643 0.121600
2644 0.132800
2645 0.136400
2646 0.143600
2647 0.134000
2648 0.130400
2649 0.124000
2650 0.116400
2651 0.120000
2652 0.111200
2653 0.118000
2654 0.118800
2655 0.119200
2656 0.116000
2657 0.107600
2658 0.112000
2659 0.111200
2660 0.114400
2661 0.126400
2662 0.129600
2663 0.141600
2664 0.142400
2665 0.146800
2666 0.141200
2667 0.130400
2668 0.130800
2669 0.124000
2670 0.126800
2671 0.113600
2672 0.110000
2673 0.106800
2674 0.111200
2675 0.110400
2676 0.113600
2677 0.113600
2678 0.117200
2679 0.111600
2680 0.125600
2681 0.125600
2682 0.116400
2683 0.125600
2684 0.128000
2685 0.129200
2686 0.130800
2687 0.119200
2688 0.122000
2689 0.131200
2690 0.137200
2691 0.142000
2692 0.145600
2693 0.156400
2694 0.158400
2695 0.143200
2696 0.153200
2697 0.125600
2698 0.122400
2699 0.122000
2700 0.126400
2701 0.128800
2702 0.136800
2703 0.131200
2704 0.117600
2705 0.115200
2706 0.117200
2707 0.112800
2708 0.119600
2709 0.120400
2710 0.120800
2711 0.120800
2712 0.110000
2713 0.110000
2714 0.108400
2715 0.105600
2716 0.109600
2717 0.123200
2718 0.125200
2719 0.122400
2720 0.118800
2721 0.118400
2722 0.123600
2723 0.118000
2724 0.110400
2725 0.109600
2726 0.118800
2727 0.128400
2728 0.123600
2729 0.114400
2730 0.120800
2731 0.122400
2732 0.126400
2733 0.116400
2734 0.117200
2735 0.124400
2736 0.122400
2737 0.125600
2738 0.115200
2739 0.128800
2740 0.136800
2741 0.131600
2742 0.129600
2743 0.130800
2744 0.130800
2745 0.136000
2746 0.142000
2747 0.137600
2748 0.135600
2749 0.123200
2750 0.116400
2751 0.120000
2752 0.117200
2753 0.121200
2754 0.121600
2755 0.123600
2756 0.120400
2757 0.114400
2758 0.124400
2759 0.121600
2760 0.122800
2761 0.120000
2762 0.108000
2763 0.123200
2764 0.118800
2765 0.117200
2766 0.121200
2767 0.119600
2768 0.120400
2769 0.121200
2770 0.125600
2771 0.121200
2772 0.118800
2773 0.122400
2774 0.117200
2775 0.115600
2776 0.120000
2777 0.117600
2778 0.116400
2779 0.119200
2780 0.124800
2781 0.127200
2782 0.136000
2783 0.146800
2784 0.135600
2785 0.133600
2786 0.131600
2787 0.117200
2788 0.114000
2789 0.112400
2790 0.118400
2791 0.116000
2792 0.117200
2793 0.110000
2794 0.098400
2795 0.104000
2796 0.106800
2797 0.098800
2798 0.108800
2799 0.111200
2800 0.109200
2801 0.106800
2802 0.112800
2803 0.119200
2804 0.122400
2805 0.115600
2806 0.126800
2807 0.120000
2808 0.123600
2809 0.116000
2810 0.113600
2811 0.130400
2812 0.122000
2813 0.124000
2814 0.124400
2815 0.124400
2816 0.119200
2817 0.116800
2818 0.126800
2819 0.126400
2820 0.118800
2821 0.112800
2822 0.109200
2823 0.112000
2824 0.100400
2825 0.104800
2826 0.095200
2827 0.108400
2828 0.111600
2829 0.103600
2830 0.100000
2831 0.097600
2832 0.102400
2833 0.103200
2834 0.097600
2835 0.097600
2836 0.095600
2837 0.086400
2838 0.094400
2839 0.088400
2840 0.102000
2841 0.099600
2842 0.101200
2843 0.099200
2844 0.108800
2845 0.110400
2846 0.107200
2847 0.119200
2848 0.118400
2849 0.108400
2850 0.110000
2851 0.112800
2852 0.108800
2853 0.098400
2854 0.111200
2855 0.111200
2856 0.116800
2857 0.126000
2858 0.118400
2859 0.114400
2860 0.100400
2861 0.093600
2862 0.102400
2863 0.108800
2864 0.114000
2865 0.112000
2866 0.106800
2867 0.095200
2868 0.098400
2869 0.104800
2870 0.104000
2871 0.106000
2872 0.112000
2873 0.113600
2874 0.110400
2875 0.100800
2876 0.101200
2877 0.118000
2878 0.123600
2879 0.121200
2880 0.133200
2881 0.125200
2882 0.124000
2883 0.118000
2884 0.114400
2885 0.119200
2886 0.112800
2887 0.105200
2888 0.108400
2889 0.102400
2890 0.102800
2891 0.092400
2892 0.079600
2893 0.088800
2894 0.084000
2895 0.080000
2896 0.093200
2897 0.091600
2898 0.088800
2899 0.088000
2900 0.099600
2901 0.097200
2902 0.091600
2903 0.090000
2904 0.089200
2905 0.082400
2906 0.074000
2907 0.077600
2908 0.082400
2909 0.078000
2910 0.083600
2911 0.075600
2912 0.076000
2913 0.072800
2914 0.070400
2915 0.073200
2916 0.089600
2917 0.085600
2918 0.086000
2919 0.080000
2920 0.081600
2921 0.078000
2922 0.073200
2923 0.088000
2924 0.090800
2925 0.087200
2926 0.088400
2927 0.082400
2928 0.079200
2929 0.085200
2930 0.088400
2931 0.089200
2932 0.096800
2933 0.102000
2934 0.094400
2935 0.096400
2936 0.095200
2937 0.102400
2938 0.101600
2939 0.109600
2940 0.110400
2941 0.106800
2942 0.105200
2943 0.104800
2944 0.101200
2945 0.100800
2946 0.109200
2947 0.104800
2948 0.099200
2949 0.101200
2950 0.100800
2951 0.102000
2952 0.101600
2953 0.101200
2954 0.109600
2955 0.097200
2956 0.093600
2957 0.098000
2958 0.089200
2959 0.095600
2960 0.094400
2961 0.094400
2962 0.102400
2963 0.104000
2964 0.097200
2965 0.096400
2966 0.093600
2967 0.096400
2968 0.094800
2969 0.096800
2970 0.096800
2971 0.093200
2972 0.097200
2973 0.104400
2974 0.098400
2975 0.095200
2976 0.096400
2977 0.097200
2978 0.088400
2979 0.094000
2980 0.097600
2981 0.086000
2982 0.084000
2983 0.084800
2984 0.083600
2985 0.088000
2986 0.094400
2987 0.107200
2988 0.100800
2989 0.100800
2990 0.094400
2991 0.092800
2992 0.091600
2993 0.095200
2994 0.103600
2995 0.109600
2996 0.110800
2997 0.122000
2998 0.133200
2999 0.127600
3000 0.123600
3001 0.114400
3002 0.103600
3003 0.101600
3004 0.101600
3005 0.112000
3006 0.102000
3007 0.110400
3008 0.112000
3009 0.128000
3010 0.133200
3011 0.127600
3012 0.137200
3013 0.140800
3014 0.139600
3015 0.137600
3016 0.126000
3017 0.125600
3018 0.130400
3019 0.122800
3020 0.124000
3021 0.122000
3022 0.116400
3023 0.128000
3024 0.132400
3025 0.132400
3026 0.135200
3027 0.134400
3028 0.124800
3029 0.118400
3030 0.125600
3031 0.120800
3032 0.124400
3033 0.118800
3034 0.110800
3035 0.114400
3036 0.118000
3037 0.132400
3038 0.119600
3039 0.124000
3040 0.117600
3041 0.111600
3042 0.112400
3043 0.107200
3044 0.101600
3045 0.116800
3046 0.116000
3047 0.118800
3048 0.112800
3049 0.120800
3050 0.116800
3051 0.113200
3052 0.110000
3053 0.115200
3054 0.110400
3055 0.107200
3056 0.102400
3057 0.111200
3058 0.111600
3059 0.120000
3060 0.117600
3061 0.120000
3062 0.127200
3063 0.118000
3064 0.122400
3065 0.130000
3066 0.116800
3067 0.108400
3068 0.110000
3069 0.110800
3070 0.109200
3071 0.105600
3072 0.105600
3073 0.096400
3074 0.102400
3075 0.099200
3076 0.096800
3077 0.094800
3078 0.102000
3079 0.102000
3080 0.093600
3081 0.101600
3082 0.100000
3083 0.097600
3084 0.102400
3085 0.094400
3086 0.089600
3087 0.091200
3088 0.086400
3089 0.079200
3090 0.087600
3091 0.082400
3092 0.089200
3093 0.096400
3094 0.097600
3095 0.090000
3096 0.083200
3097 0.085200
3098 0.080000
3099 0.084400
3100 0.075200
3101 0.083600
3102 0.083600
3103 0.084400
3104 0.084400
3105 0.082400
3106 0.092000
3107 0.098800
3108 0.097600
3109 0.100000
3110 0.100000
3111 0.092800
3112 0.087600
3113 0.096400
3114 0.092000
3115 0.099200
3116 0.093600
3117 0.088000
3118 0.090000
3119 0.095200
3120 0.097200
3121 0.090800
3122 0.082400
3123 0.084800
3124 0.080800
3125 0.081600
3126 0.082000
3127 0.082800
3128 0.076000
3129 0.075200
3130 0.085600
3131 0.084800
3132 0.084000
3133 0.080000
3134 0.081200
3135 0.081200
3136 0.090800
3137 0.081600
3138 0.086000
3139 0.088000
3140 0.088000
3141 0.082800
3142 0.073600
3143 0.072800
3144 0.077200
3145 0.077600
3146 0.079600
3147 0.082800
3148 0.086800
3149 0.089600
3150 0.088800
3151 0.093200
3152 0.086800
3153 0.090800
3154 0.087200
3155 0.089200
3156 0.101200
3157 0.096400
3158 0.087200
3159 0.094800
3160 0.105600
3161 0.108800
3162 0.105600
3163 0.095200
3164 0.085600
3165 0.099600
3166 0.095600
3167 0.092400
3168 0.094400
3169 0.098000
3170 0.098400
3171 0.102000
3172 0.102400
3173 0.102000
3174 0.106000
3175 0.101600
3176 0.101600
3177 0.092000
3178 0.090800
3179 0.096000
3180 0.099600
3181 0.100000
3182 0.108000
3183 0.106400
3184 0.121600
3185 0.119200
3186 0.114400
3187 0.106400
3188 0.112000
3189 0.120000
3190 0.125200
3191 0.126400
3192 0.118400
3193 0.102400
3194 0.102400
3195 0.108400
3196 0.104000
3197 0.106400
3198 0.102400
3199 0.106000
3200 0.110800
3201 0.111600
3202 0.119600
3203 0.113600
3204 0.118400
3205 0.120400
3206 0.127200
3207 0.113600
3208 0.123600
3209 0.122800
3210 0.125600
3211 0.123200
3212 0.127200
3213 0.142400
3214 0.141200
3215 0.134400
3216 0.134800
3217 0.130400
3218 0.138800
3219 0.126800
3220 0.128400
3221 0.125600
3222 0.116800
3223 0.110800
3224 0.124800
3225 0.128000
3226 0.130800
3227 0.130400
3228 0.133600
3229 0.127600
3230 0.121600
3231 0.124400
3232 0.126800
3233 0.123200
3234 0.122800
3235 0.116400
3236 0.117200
3237 0.120800
3238 0.123200
3239 0.120000
3240 0.120400
3241 0.112400
3242 0.108000
3243 0.115200
3244 0.121600
3245 0.129200
3246 0.129200
3247 0.125200
3248 0.123200
3249 0.124000
3250 0.125200
3251 0.121200
3252 0.118800
3253 0.115600
3254 0.116000
3255 0.114400
3256 0.114800
3257 0.118400
3258 0.123200
3259 0.124400
3260 0.126800
3261 0.126400
3262 0.127600
3263 0.132000
3264 0.136800
3265 0.131600
3266 0.128800
3267 0.129200
3268 0.125600
3269 0.123200
3270 0.121200
3271 0.113600
3272 0.119200
3273 0.114000
3274 0.110800
3275 0.106800
3276 0.111600
3277 0.115600
3278 0.116800
3279 0.109600
3280 0.113200
3281 0.116800
3282 0.116400
3283 0.112800
3284 0.107600
3285 0.113200
3286 0.112800
3287 0.121200
3288 0.113200
3289 0.116800
3290 0.120000
3291 0.116000
3292 0.114800
3293 0.112400
3294 0.108400
3295 0.103200
3296 0.104400
3297 0.100000
3298 0.108400
3299 0.120000
3300 0.123200
3301 0.134400
3302 0.136800
3303 0.134000
3304 0.127600
3305 0.128800
3306 0.118000
3307 0.120000
3308 0.116800
3309 0.123200
3310 0.130400
3311 0.126400
3312 0.123200
3313 0.134000
3314 0.129200
3315 0.128400
3316 0.125200
3317 0.126000
3318 0.118800
3319 0.113200
3320 0.106800
3321 0.104400
3322 0.107600
3323 0.105600
3324 0.107200
3325 0.105200
3326 0.117600
3327 0.117200
3328 0.122400
3329 0.118000
3330 0.125200
3331 0.124400
3332 0.122800
3333 0.121200
3334 0.117200
3335 0.135600
3336 0.140400
3337 0.134800
3338 0.136400
3339 0.139600
3340 0.156400
3341 0.164000
3342 0.152400
3343 0.153200
3344 0.158000
3345 0.154800
3346 0.161200
3347 0.161200
3348 0.151200
3349 0.140800
3350 0.142000
3351 0.128000
3352 0.128800
3353 0.132000
3354 0.132000
3355 0.123200
3356 0.122800
3357 0.126000
3358 0.122000
3359 0.124000
3360 0.117200
3361 0.120000
3362 0.136000
3363 0.131200
3364 0.128000
3365 0.124400
3366 0.120000
3367 0.116000
3368 0.118800
3369 0.127600
3370 0.133600
3371 0.127200
3372 0.129200
3373 0.125600
3374 0.132400
3375 0.125600
3376 0.128000
3377 0.120400
3378 0.120800
3379 0.116400
3380 0.125200
3381 0.115600
3382 0.112800
3383 0.118000
3384 0.127200
3385 0.120000
3386 0.114800
3387 0.112000
3388 0.119600
3389 0.122800
3390 0.131600
3391 0.137600
3392 0.140000
3393 0.134000
3394 0.141600
3395 0.140000
3396 0.136800
3397 0.134400
3398 0.134400
3399 0.128000
3400 0.128000
3401 0.122800
3402 0.126400
3403 0.118800
3404 0.122000
3405 0.122800
3406 0.120800
3407 0.120800
3408 0.114400
3409 0.116400
3410 0.118000
3411 0.108800
3412 0.106800
3413 0.096000
3414 0.095600
3415 0.102400
3416 0.108800
3417 0.120800
3418 0.125200
3419 0.120000
3420 0.119200
3421 0.114000
3422 0.118000
3423 0.105200
3424 0.116800
3425 0.116000
3426 0.108400
3427 0.109600
3428 0.106000
3429 0.103600
3430 0.108800
3431 0.117600
3432 0.122000
3433 0.119200
3434 0.130000
3435 0.128400
3436 0.130000
3437 0.123200
3438 0.122800
3439 0.115600
3440 0.126800
3441 0.131200
3442 0.127200
3443 0.127200
3444 0.123200
3445 0.130400
3446 0.130800
3447 0.130800
3448 0.128000
3449 0.125600
3450 0.129200
3451 0.136400
3452 0.129600
3453 0.115600
3454 0.124000
3455 0.120400
3456 0.128000
3457 0.124800
3458 0.117600
3459 0.122400
3460 0.124800
3461 0.118000
3462 0.114800
3463 0.106400
3464 0.113600
3465 0.115200
3466 0.108800
3467 0.109600
3468 0.109200
3469 0.110000
3470 0.114400
3471 0.116400
3472 0.123200
3473 0.126800
3474 0.121600
3475 0.120800
3476 0.118400
3477 0.110000
3478 0.107200
3479 0.108800
3480 0.106000
3481 0.102400
3482 0.110000
3483 0.110000
3484 0.109200
3485 0.100800
3486 0.105600
3487 0.104400
3488 0.103200
3489 0.099200
3490 0.099600
3491 0.110400
3492 0.112400
3493 0.107600
3494 0.115200
3495 0.105200
3496 0.105200
3497 0.108400
3498 0.111600
3499 0.119200
3500 0.112000
3501 0.108400
3502 0.112000
3503 0.116800
3504 0.112400
3505 0.113200
3506 0.124800
3507 0.123600
3508 0.119600
3509 0.131600
3510 0.124800
3511 0.132000
3512 0.139600
3513 0.140000
3514 0.130000
3515 0.140400
3516 0.134000
3517 0.126800
3518 0.108400
3519 0.115600
3520 0.120800
3521 0.124400
3522 0.143600
3523 0.136400
3524 0.143200
3525 0.140800
3526 0.140800
3527 0.131200
3528 0.138000
3529 0.144400
3530 0.132400
3531 0.130000
3532 0.125600
3533 0.141600
3534 0.140400
3535 0.133200
3536 0.124400
3537 0.121600
3538 0.124800
3539 0.128800
3540 0.123600
3541 0.118000
3542 0.116800
3543 0.114400
3544 0.110800
3545 0.104000
3546 0.106400
3547 0.105600
3548 0.105600
3549 0.118000
3550 0.126000
3551 0.117600
3552 0.121600
3553 0.128800
3554 0.131600
3555 0.134000
3556 0.140000
3557 0.140400
3558 0.135200
3559 0.128000
3560 0.129600
3561 0.125600
3562 0.127600
3563 0.129600
3564 0.129200
3565 0.129200
3566 0.122000
3567 0.106000
3568 0.109200
3569 0.113200
3570 0.107600
3571 0.103600
3572 0.106400
3573 0.100000
3574 0.110800
3575 0.111600
3576 0.115600
3577 0.122000
3578 0.111200
3579 0.109600
3580 0.107200
3581 0.111600
3582 0.103200
3583 0.102400
3584 0.089600
3585 0.094800
3586 0.096400
3587 0.091600
3588 0.092400
3589 0.088000
3590 0.096400
3591 0.092400
3592 0.084400
3593 0.085600
3594 0.088400
3595 0.094000
3596 0.091200
3597 0.085200
3598 0.085200
3599 0.086400
3600 0.081200
3601 0.084800
3602 0.094000
3603 0.081600
3604 0.075600
3605 0.080000
3606 0.090400
3607 0.099200
3608 0.102000
3609 0.104400
3610 0.108400
3611 0.113600
3612 0.113200
3613 0.123600
3614 0.127200
3615 0.131600
3616 0.120000
3617 0.132800
3618 0.124400
3619 0.128800
3620 0.128800
3621 0.135600
3622 0.123600
3623 0.127200
3624 0.132800
3625 0.125200
3626 0.111200
3627 0.106000
3628 0.114000
3629 0.120400
3630 0.129200
3631 0.122400
3632 0.124400
3633 0.126800
3634 0.125600
3635 0.116400
3636 0.123600
3637 0.125600
3638 0.125600
3639 0.123600
3640 0.132800
3641 0.136800
3642 0.138800
3643 0.137600
3644 0.131600
3645 0.125200
3646 0.134000
3647 0.144800
3648 0.145200
3649 0.162800
3650 0.147600
3651 0.142400
3652 0.146000
3653 0.149200
3654 0.138800
3655 0.135200
3656 0.140800
3657 0.148800
3658 0.151200
3659 0.153600
3660 0.157200
3661 0.171200
3662 0.175200
3663 0.160000
3664 0.151600
3665 0.142000
3666 0.144400
3667 0.140400
3668 0.134400
3669 0.124800
3670 0.123600
3671 0.125600
3672 0.116400
3673 0.116400
3674 0.114000
3675 0.104400
3676 0.108400
3677 0.106000
3678 0.107600
3679 0.111600
3680 0.115200
3681 0.121600
3682 0.119200
3683 0.122800
3684 0.117200
3685 0.106800
3686 0.107600
3687 0.119200
3688 0.130000
3689 0.131600
3690 0.123600
3691 0.128800
3692 0.130400
3693 0.128000
3694 0.134000
3695 0.144400
3696 0.136800
3697 0.126000
3698 0.129200
3699 0.124400
3700 0.122000
3701 0.125600
3702 0.114000
3703 0.116400
3704 0.127200
3705 0.127200
3706 0.116800
3707 0.120800
3708 0.116000
3709 0.119200
3710 0.126400
3711 0.133600
3712 0.123200
3713 0.113200
3714 0.114000
3715 0.118400
3716 0.118400
3717 0.121200
3718 0.127200
3719 0.125200
3720 0.120400
3721 0.120400
3722 0.118800
3723 0.113600
3724 0.109600
3725 0.111600
3726 0.110000
3727 0.106400
3728 0.108800
3729 0.112400
3730 0.120800
3731 0.114000
3732 0.106800
3733 0.101200
3734 0.095600
3735 0.099200
3736 0.099200
3737 0.105200
3738 0.100000
3739 0.100800
3740 0.100000
3741 0.093600
3742 0.097600
3743 0.096800
3744 0.095200
3745 0.099600
3746 0.098400
3747 0.096000
3748 0.104000
3749 0.100800
3750 0.093600
3751 0.095600
3752 0.088800
3753 0.099600
3754 0.097600
3755 0.103200
3756 0.104000
3757 0.091200
3758 0.092400
3759 0.092000
3760 0.095200
3761 0.091600
3762 0.100400
3763 0.099600
3764 0.092800
3765 0.091200
3766 0.086000
3767 0.091200
3768 0.088400
3769 0.092800
3770 0.106400
3771 0.106800
3772 0.106800
3773 0.100400
3774 0.099600
3775 0.108800
3776 0.116800
3777 0.118000
3778 0.111200
3779 0.114400
3780 0.123600
3781 0.118800
3782 0.113600
3783 0.112000
3784 0.118000
3785 0.110400
3786 0.114000
3787 0.117200
3788 0.110400
3789 0.116800
3790 0.108800
3791 0.096800
3792 0.099200
3793 0.094000
3794 0.099200
3795 0.107200
3796 0.102400
3797 0.092400
3798 0.094800
3799 0.080800
3800 0.070400
3801 0.080400
3802 0.078000
3803 0.076800
3804 0.072000
3805 0.074400
3806 0.074800
3807 0.078400
3808 0.083200
3809 0.089200
3810 0.088000
3811 0.082400
3812 0.083200
3813 0.084800
3814 0.084400
3815 0.089600
3816 0.093200
3817 0.100800
3818 0.114000
3819 0.103200
3820 0.102400
3821 0.097600
3822 0.102000
3823 0.095600
3824 0.106000
3825 0.104000
3826 0.119600
3827 0.108400
3828 0.102800
3829 0.110800
3830 0.112000
3831 0.118000
3832 0.126000
3833 0.123600
3834 0.116800
3835 0.107600
3836 0.107200
3837 0.102400
3838 0.110400
3839 0.103200
3840 0.104000
3841 0.104800
3842 0.104400
3843 0.108400
3844 0.106000
3845 0.104800
3846 0.098400
3847 0.094400
3848 0.102400
3849 0.108800
3850 0.101200
3851 0.104400
3852 0.100000
3853 0.103600
3854 0.100000
3855 0.096400
3856 0.098800
3857 0.099200
3858 0.098400
3859 0.097600
3860 0.097600
3861 0.096400
3862 0.099200
3863 0.109200
3864 0.099600
3865 0.096000
3866 0.098000
3867 0.095600
3868 0.090400
3869 0.090800
3870 0.102000
3871 0.103600
3872 0.094400
3873 0.097200
3874 0.079600
3875 0.083200
3876 0.088800
3877 0.080800
3878 0.088000
3879 0.085200
3880 0.080000
3881 0.081600
3882 0.084800
3883 0.091200
3884 0.090800
3885 0.093600
3886 0.089200
3887 0.090000
3888 0.093200
3889 0.100400
3890 0.095200
3891 0.095600
3892 0.088800
3893 0.087200
3894 0.087200
3895 0.091600
3896 0.091600
3897 0.086400
3898 0.080400
3899 0.086400
3900 0.083600
3901 0.089200
3902 0.094400
3903 0.098800
3904 0.115200
3905 0.104800
3906 0.109600
3907 0.123200
3908 0.121200
3909 0.128800
3910 0.138400
3911 0.130400
3912 0.125600
3913 0.122800
3914 0.123600
3915 0.121200
3916 0.110400
3917 0.129200
3918 0.139600
3919 0.138400
3920 0.137200
3921 0.131600
3922 0.121600
3923 0.118400
3924 0.112800
3925 0.125200
3926 0.131200
3927 0.127200
3928 0.126400
3929 0.119600
3930 0.122800
3931 0.121600
3932 0.114400
3933 0.113600
3934 0.112000
3935 0.110800
3936 0.113200
3937 0.105200
3938 0.102400
3939 0.117600
3940 0.109200
3941 0.112400
3942 0.107200
3943 0.103200
3944 0.102800
3945 0.101600
3946 0.090000
3947 0.090800
3948 0.105600
3949 0.106800
3950 0.117600
3951 0.111200
3952 0.106000
3953 0.101600
3954 0.096000
3955 0.093600
3956 0.094400
3957 0.100800
3958 0.098800
3959 0.102800
3960 0.100800
3961 0.112000
3962 0.112400
3963 0.120000
3964 0.117600
3965 0.111600
3966 0.109200
3967 0.107600
3968 0.111600
3969 0.110800
3970 0.116800
3971 0.114800
3972 0.109600
3973 0.120000
3974 0.108800
3975 0.114400
3976 0.125200
3977 0.138400
3978 0.128800
3979 0.127600
3980 0.120400
3981 0.121600
3982 0.127600
3983 0.127200
3984 0.114800
3985 0.107600
3986 0.109600
3987 0.108800
3988 0.102400
3989 0.112000
3990 0.110000
3991 0.110400
3992 0.113200
3993 0.123600
3994 0.128400
3995 0.122800
3996 0.122000
3997 0.104800
3998 0.108800
3999 0.098800
4000 0.096800
4001 0.096400
4002 0.106000
4003 0.101600
4004 0.100400
4005 0.090400
4006 0.092000
4007 0.095200
4008 0.090800
4009 0.087200
4010 0.090000
4011 0.089200
4012 0.089600
4013 0.085200
4014 0.093600
4015 0.091600
4016 0.078800
4017 0.085600
4018 0.091200
4019 0.099600
4020 0.097200
4021 0.096800
4022 0.104000
4023 0.104000
4024 0.100400
4025 0.104000
4026 0.098800
4027 0.102400
4028 0.101600
4029 0.091600
4030 0.095600
4031 0.094800
4032 0.101200
4033 0.096800
4034 0.086000
4035 0.083200
4036 0.078000
4037 0.082000
4038 0.081600
4039 0.086000
4040 0.084800
4041 0.083600
4042 0.087200
4043 0.089200
4044 0.089600
4045 0.112000
4046 0.108400
4047 0.114000
4048 0.118400
4049 0.114400
4050 0.110800
4051 0.112000
4052 0.110000
4053 0.106800
4054 0.118800
4055 0.110800
4056 0.110000
4057 0.106400
4058 0.106800
4059 0.098000
4060 0.102000
4061 0.107600
4062 0.102400
4063 0.092000
4064 0.083200
4065 0.090000
4066 0.090400
4067 0.098000
4068 0.084400
4069 0.083600
4070 0.083600
4071 0.083600
4072 0.080800
4073 0.079200
4074 0.074000
4075 0.072000
4076 0.079600
4077 0.079600
4078 0.082800
4079 0.082400
4080 0.080800
4081 0.086800
4082 0.098800
4083 0.102400
4084 0.100000
4085 0.097600
4086 0.093600
4087 0.101600
4088 0.090800
4089 0.096400
4090 0.093600
4091 0.098400
4092 0.094400
4093 0.106800
4094 0.095200
4095 0.094400
4096 0.098800
4097 0.092000
4098 0.092800
4099 0.089200
4100 0.084000
4101 0.087200
4102 0.083200
4103 0.090000
4104 0.089600
4105 0.088800
4106 0.091200
4107 0.092000
4108 0.084800
4109 0.089600
4110 0.090000
4111 0.087200
4112 0.094000
4113 0.088000
4114 0.079200
4115 0.081600
4116 0.080400
4117 0.082800
4118 0.093600
4119 0.088400
4120 0.088800
4121 0.092000
4122 0.088000
4123 0.097600
4124 0.088400
4125 0.088800
4126 0.087600
4127 0.084800
4128 0.095200
4129 0.087200
4130 0.087200
4131 0.086800
4132 0.079600
4133 0.095600
4134 0.096000
4135 0.092800
4136 0.092400
4137 0.096400
4138 0.090400
4139 0.091600
4140 0.092000
4141 0.108000
4142 0.116800
4143 0.102000
4144 0.104400
4145 0.106400
4146 0.106000
4147 0.115200
4148 0.116400
4149 0.108800
4150 0.122400
4151 0.124800
4152 0.123600
4153 0.116000
4154 0.115600
4155 0.115200
4156 0.118400
4157 0.118000
4158 0.125600
4159 0.122000
4160 0.118400
4161 0.110800
4162 0.124400
4163 0.127600
4164 0.112800
4165 0.111200
4166 0.104000
4167 0.106400
4168 0.108000
4169 0.116000
4170 0.112000
4171 0.112800
4172 0.108400
4173 0.107200
4174 0.108400
4175 0.112000
4176 0.108400
4177 0.110400
4178 0.108400
4179 0.114400
4180 0.108800
4181 0.108400
4182 0.102000
4183 0.109600
4184 0.108000
4185 0.112800
4186 0.109600
4187 0.117200
4188 0.115600
4189 0.114400
4190 0.123600
4191 0.123200
4192 0.116000
4193 0.108400
4194 0.115600
4195 0.121200
4196 0.109600
4197 0.107600
4198 0.114000
4199 0.116800
4200 0.127600
4201 0.128800
4202 0.123200
4203 0.120000
4204 0.124800
4205 0.118000
4206 0.123200
4207 0.123200
4208 0.122800
4209 0.122800
4210 0.117600
4211 0.120800
4212 0.116800
4213 0.122000
4214 0.122800
4215 0.123200
4216 0.113200
4217 0.124400
4218 0.120400
4219 0.126800
4220 0.130800
4221 0.130800
4222 0.130000
4223 0.134400
4224 0.140800
4225 0.143200
4226 0.139200
4227 0.132800
4228 0.118800
4229 0.123600
4230 0.125200
4231 0.113600
4232 0.119600
4233 0.120800
4234 0.119200
4235 0.116000
4236 0.108800
4237 0.104000
4238 0.101600
4239 0.104000
4240 0.101200
4241 0.098400
4242 0.096000
4243 0.102800
4244 0.111200
4245 0.118400
4246 0.126800
4247 0.134800
4248 0.136000
4249 0.134800
4250 0.144000
4251 0.136800
4252 0.131200
4253 0.128400
4254 0.140400
4255 0.139600
4256 0.140800
4257 0.149200
4258 0.150000
4259 0.143200
4260 0.144400
4261 0.150400
4262 0.155600
4263 0.150000
4264 0.139600
4265 0.137600
4266 0.144000
4267 0.141600
4268 0.147200
4269 0.154400
4270 0.149600
4271 0.139200
4272 0.153600
4273 0.141600
4274 0.129200
4275 0.140400
4276 0.126800
4277 0.130400
4278 0.127200
4279 0.125600
4280 0.130800
4281 0.126400
4282 0.130800
4283 0.131600
4284 0.132400
4285 0.130800
4286 0.134400
4287 0.126800
4288 0.126400
4289 0.119200
4290 0.113600
4291 0.108000
4292 0.115200
4293 0.120000
4294 0.109600
4295 0.117600
4296 0.124000
4297 0.122400
4298 0.132000
4299 0.129600
4300 0.131200
4301 0.128800
4302 0.142800
4303 0.128800
4304 0.115600
4305 0.121200
4306 0.124800
4307 0.120000
4308 0.117200
4309 0.118400
4310 0.118000
4311 0.103200
4312 0.108800
4313 0.114000
4314 0.120400
4315 0.118000
4316 0.108000
4317 0.115600
4318 0.113600
4319 0.112400
4320 0.101200
4321 0.102400
4322 0.120000
4323 0.123600
4324 0.106000
4325 0.106000
4326 0.104400
4327 0.114800
4328 0.119600
4329 0.104400
4330 0.096000
4331 0.093600
4332 0.107200
4333 0.120400
4334 0.117600
4335 0.117600
4336 0.116800
4337 0.121200
4338 0.120800
4339 0.110800
4340 0.117200
4341 0.122800
4342 0.118000
4343 0.109200
4344 0.120000
4345 0.118800
4346 0.116400
4347 0.118000
4348 0.125600
4349 0.117600
4350 0.111600
4351 0.100000
4352 0.101200
4353 0.106800
4354 0.108800
4355 0.108800
4356 0.117200
4357 0.119200
4358 0.120000
4359 0.110000
4360 0.112800
4361 0.117600
4362 0.109200
4363 0.103600
4364 0.108800
4365 0.109200
4366 0.103600
4367 0.102400
4368 0.104800
4369 0.090800
4370 0.087600
4371 0.085200
4372 0.086400
4373 0.092000
4374 0.102800
4375 0.101600
4376 0.097600
4377 0.106400
4378 0.105600
4379 0.108400
4380 0.124400
4381 0.119200
4382 0.128400
4383 0.118800
4384 0.122000
4385 0.114000
4386 0.136400
4387 0.140000
4388 0.138800
4389 0.122000
4390 0.121600
4391 0.127200
4392 0.120800
4393 0.126000
4394 0.116800
4395 0.117200
4396 0.114400
4397 0.112800
4398 0.122400
4399 0.109200
4400 0.115600
4401 0.122000
4402 0.123600
4403 0.125600
4404 0.114800
4405 0.105600
4406 0.112800
4407 0.110000
4408 0.114800
4409 0.108400
4410 0.104400
4411 0.109600
4412 0.118800
4413 0.123600
4414 0.136800
4415 0.134000
4416 0.129200
4417 0.137200
4418 0.137600
4419 0.130000
4420 0.132000
4421 0.130400
4422 0.118800
4423 0.120000
4424 0.112400
4425 0.117600
4426 0.120400
4427 0.119600
4428 0.114000
4429 0.105600
4430 0.107200
4431 0.106800
4432 0.097600
4433 0.095200
4434 0.089600
4435 0.093200
4436 0.096400
4437 0.104400
4438 0.102800
4439 0.093600
4440 0.100000
4441 0.102800
4442 0.099200
4443 0.092000
4444 0.095200
4445 0.098800
4446 0.105200
4447 0.098400
4448 0.101600
4449 0.089600
4450 0.090000
4451 0.092800
4452 0.090800
4453 0.094800
4454 0.089200
4455 0.093600
4456 0.096000
4457 0.093600
4458 0.098400
4459 0.096000
4460 0.099600
4461 0.093600
4462 0.093200
4463 0.099200
4464 0.114800
4465 0.122800
4466 0.122800
4467 0.119600
4468 0.115600
4469 0.113600
4470 0.113200
4471 0.112800
4472 0.108800
4473 0.118400
4474 0.128000
4475 0.125600
4476 0.110800
4477 0.110400
4478 0.099200
4479 0.111200
4480 0.120000
4481 0.113200
4482 0.111600
4483 0.110400
4484 0.108400
4485 0.111200
4486 0.114000
4487 0.114400
4488 0.104000
4489 0.108000
4490 0.104000
4491 0.102400
4492 0.099200
4493 0.100800
4494 0.094800
4495 0.095600
4496 0.084800
4497 0.079600
4498 0.081600
4499 0.088400
4500 0.083600
4501 0.078400
4502 0.089600
4503 0.075600
4504 0.087600
4505 0.100000
4506 0.099200
4507 0.102800
4508 0.103600
4509 0.105600
4510 0.106800
4511 0.100800
4512 0.092400
4513 0.094800
4514 0.098400
4515 0.089200
4516 0.098400
4517 0.093200
4518 0.094400
4519 0.092400
4520 0.100800
4521 0.096000
4522 0.101600
4523 0.092800
4524 0.098000
4525 0.103600
4526 0.098400
4527 0.102000
4528 0.103600
4529 0.110800
4530 0.112400
4531 0.104400
4532 0.104400
4533 0.104800
4534 0.096400
4535 0.098800
4536 0.098000
4537 0.092400
4538 0.092400
4539 0.093200
4540 0.101600
4541 0.098400
4542 0.102000
4543 0.098400
4544 0.100400
4545 0.097600
4546 0.093600
4547 0.092400
4548 0.096800
4549 0.100800
4550 0.104000
4551 0.099600
4552 0.097600
4553 0.116400
4554 0.115600
4555 0.118400
4556 0.111600
4557 0.103200
4558 0.102400
4559 0.100800
4560 0.106800
4561 0.103600
4562 0.102000
4563 0.093600
4564 0.092400
4565 0.102400
4566 0.098000
4567 0.110000
4568 0.110400
4569 0.107600
4570 0.119200
4571 0.118400
4572 0.117200
4573 0.116800
4574 0.111200
4575 0.114400
4576 0.113200
4577 0.108400
4578 0.098000
4579 0.108000
4580 0.112000
4581 0.105600
4582 0.115200
4583 0.114000
4584 0.117600
4585 0.120800
4586 0.116400
4587 0.118400
4588 0.112000
4589 0.119200
4590 0.118000
4591 0.116400
4592 0.126400
4593 0.119600
4594 0.123600
4595 0.118400
4596 0.116800
4597 0.112000
4598 0.120400
4599 0.130800
4600 0.125600
4601 0.111200
4602 0.120800
4603 0.120000
4604 0.112000
4605 0.117200
4606 0.108400
4607 0.122400
4608 0.124000
4609 0.131600
4610 0.118400
4611 0.120800
4612 0.108400
4613 0.115200
4614 0.116800
4615 0.112400
4616 0.118800
4617 0.112000
4618 0.120800
4619 0.116400
4620 0.108800
4621 0.109600
4622 0.116400
4623 0.114800
4624 0.108400
4625 0.112000
4626 0.122000
4627 0.114800
4628 0.116800
4629 0.109600
4630 0.112000
4631 0.111600
4632 0.114400
4633 0.112800
4634 0.118800
4635 0.128400
4636 0.123600
4637 0.126400
4638 0.126000
4639 0.129600
4640 0.128400
4641 0.115200
4642 0.128000
4643 0.138000
4644 0.131200
4645 0.129600
4646 0.128000
4647 0.125600
4648 0.122400
4649 0.107600
4650 0.104000
4651 0.103200
4652 0.114000
4653 0.114800
4654 0.110000
4655 0.108800
4656 0.110800
4657 0.110400
4658 0.103200
4659 0.100800
4660 0.093600
4661 0.092400
4662 0.096800
4663 0.113200
4664 0.110000
4665 0.104400
4666 0.104000
4667 0.099200
4668 0.094400
4669 0.099200
4670 0.101200
4671 0.111600
4672 0.112000
4673 0.110000
4674 0.105600
4675 0.109200
4676 0.103600
4677 0.103600
4678 0.109200
4679 0.102400
4680 0.097200
4681 0.092000
4682 0.095200
4683 0.097200
4684 0.099200
4685 0.099200
4686 0.096800
4687 0.104400
4688 0.107200
4689 0.098800
4690 0.096400
4691 0.104000
4692 0.108400
4693 0.100000
4694 0.108000
4695 0.112000
4696 0.109600
4697 0.105600
4698 0.101200
4699 0.101200
4700 0.106400
4701 0.111600
4702 0.116800
4703 0.114000
4704 0.125200
4705 0.128000
4706 0.129200
4707 0.119600
4708 0.118400
4709 0.123200
4710 0.127600
4711 0.132000
4712 0.136400
4713 0.129600
4714 0.118800
4715 0.122800
4716 0.112000
4717 0.110000
4718 0.110400
4719 0.113600
4720 0.116800
4721 0.111200
4722 0.113600
4723 0.112000
4724 0.104000
4725 0.102000
4726 0.096000
4727 0.097200
4728 0.093600
4729 0.094800
4730 0.098400
4731 0.090000
4732 0.084400
4733 0.084400
4734 0.077200
4735 0.081200
4736 0.082000
4737 0.082000
4738 0.084400
4739 0.078400
4740 0.081200
4741 0.082800
4742 0.085600
4743 0.092000
4744 0.096400
4745 0.095200
4746 0.098400
4747 0.096400
4748 0.100000
4749 0.102800
4750 0.103600
4751 0.109600
4752 0.106400
4753 0.098800
4754 0.100400
4755 0.109200
4756 0.115600
4757 0.108400
4758 0.106400
4759 0.099600
4760 0.090800
4761 0.085200
4762 0.086400
4763 0.090000
4764 0.089200
4765 0.090400
4766 0.084000
4767 0.091200
4768 0.100000
4769 0.106000
4770 0.110000
4771 0.118800
4772 0.110800
4773 0.116400
4774 0.108000
4775 0.120400
4776 0.118400
4777 0.127600
4778 0.127600
4779 0.122400
4780 0.116800
4781 0.112400
4782 0.114000
4783 0.114400
4784 0.125200
4785 0.125600
4786 0.135600
4787 0.134400
4788 0.128000
4789 0.118800
4790 0.117200
4791 0.114800
4792 0.112000
4793 0.112400
4794 0.104000
4795 0.100800
4796 0.107200
4797 0.112800
4798 0.108800
4799 0.098000
4800 0.102400
4801 0.112000
4802 0.107200
4803 0.105200
4804 0.101600
4805 0.096000
4806 0.099200
4807 0.109200
4808 0.110000
4809 0.108400
4810 0.118000
4811 0.113200
4812 0.122800
4813 0.117600
4814 0.118800
4815 0.118800
4816 0.116000
4817 0.108800
4818 0.108400
4819 0.112800
4820 0.113600
4821 0.102800
4822 0.104000
4823 0.102000
4824 0.106000
4825 0.103200
4826 0.114000
4827 0.115600
4828 0.116400
4829 0.122000
4830 0.125600
4831 0.121600
4832 0.110000
4833 0.111200
4834 0.117200
4835 0.110000
4836 0.109200
4837 0.124800
4838 0.122000
4839 0.115600
4840 0.112000
4841 0.115600
4842 0.106400
4843 0.103600
4844 0.112800
4845 0.109200
4846 0.104800
4847 0.112000
4848 0.114800
4849 0.107200
4850 0.106400
4851 0.097600
4852 0.097600
4853 0.102800
4854 0.105200
4855 0.104400
4856 0.103600
4857 0.104000
4858 0.101600
4859 0.106000
4860 0.096800
4861 0.102400
4862 0.097200
4863 0.098800
4864 0.104400
4865 0.110000
4866 0.114800
4867 0.110400
4868 0.103600
4869 0.100000
4870 0.102400
4871 0.098800
4872 0.102800
4873 0.095200
4874 0.105600
4875 0.108800
4876 0.120000
4877 0.117600
4878 0.116000
4879 0.114800
4880 0.108400
4881 0.105200
4882 0.103200
4883 0.109600
4884 0.103200
4885 0.106400
4886 0.107600
4887 0.106000
4888 0.113600
4889 0.118400
4890 0.118800
4891 0.124400
4892 0.124000
4893 0.119600
4894 0.122000
4895 0.117200
4896 0.111200
4897 0.114400
4898 0.109200
4899 0.104400
4900 0.106000
4901 0.106000
4902 0.111600
4903 0.107200
4904 0.110800
4905 0.108800
4906 0.114800
4907 0.105200
4908 0.099200
4909 0.088000
4910 0.087600
4911 0.098800
4912 0.102800
4913 0.093600
4914 0.092400
4915 0.087200
4916 0.102800
4917 0.094000
4918 0.093200
4919 0.083200
4920 0.080400
4921 0.078800
4922 0.080400
4923 0.093200
4924 0.082400
4925 0.076800
4926 0.084000
4927 0.090000
4928 0.092000
4929 0.098400
4930 0.087200
4931 0.093200
4932 0.094800
4933 0.093600
4934 0.087600
4935 0.095200
4936 0.088800
4937 0.086400
4938 0.090400
4939 0.101600
4940 0.100400
4941 0.096000
4942 0.108400
4943 0.115200
4944 0.121200
4945 0.114800
4946 0.120400
4947 0.120800
4948 0.128800
4949 0.130400
4950 0.132400
4951 0.137600
4952 0.129600
4953 0.130400
4954 0.119200
4955 0.112800
4956 0.109200
4957 0.100000
4958 0.107600
4959 0.106800
4960 0.091200
4961 0.092800
4962 0.104800
4963 0.118400
4964 0.126000
4965 0.115600
4966 0.107200
4967 0.107200
4968 0.117200
4969 0.119600
4970 0.120800
4971 0.114400
4972 0.115200
4973 0.118400
4974 0.118400
4975 0.116000
4976 0.124000
4977 0.120000
4978 0.114400
4979 0.107600
4980 0.119600
4981 0.108400
4982 0.106800
4983 0.111600
4984 0.111600
4985 0.111600
4986 0.119600
4987 0.130400
4988 0.131200
4989 0.129200
4990 0.123200
4991 0.118400
4992 0.116400
4993 0.110000
4994 0.107200
4995 0.106800
4996 0.116400
4997 0.111600
4998 0.105200
4999 0.107200
5000 0.099600
5001 0.102400
5002 0.096000
5003 0.087200
5004 0.081200
5005 0.098400
5006 0.099600
5007 0.099600
5008 0.094000
5009 0.091600
5010 0.093600
5011 0.091200
5012 0.095600
5013 0.094800
5014 0.087600
5015 0.089600
5016 0.099200
5017 0.105200
5018 0.109200
5019 0.111200
5020 0.102800
5021 0.108000
5022 0.103600
5023 0.112400
5024 0.133600
5025 0.128400
5026 0.124000
5027 0.137600
5028 0.137200
5029 0.133200
5030 0.132000
5031 0.139600
5032 0.136000
5033 0.124800
5034 0.126400
5035 0.129200
5036 0.132800
5037 0.148400
5038 0.154800
5039 0.150800
5040 0.144400
5041 0.152800
5042 0.143600
5043 0.136400
5044 0.132400
5045 0.138000
5046 0.137600
5047 0.122000
5048 0.108000
5049 0.107600
5050 0.108800
5051 0.110800
5052 0.114000
5053 0.113200
5054 0.109200
5055 0.102000
5056 0.119200
5057 0.129600
5058 0.127600
5059 0.125600
5060 0.133600
5061 0.138400
5062 0.135600
5063 0.143200
5064 0.134000
5065 0.130000
5066 0.125200
5067 0.121200
5068 0.124000
5069 0.124800
5070 0.133600
5071 0.137600
5072 0.128400
5073 0.130000
5074 0.135200
5075 0.130000
5076 0.122800
5077 0.124800
5078 0.127600
5079 0.123200
5080 0.119600
5081 0.119200
5082 0.110800
5083 0.113200
5084 0.118800
5085 0.103600
5086 0.098400
5087 0.095600
5088 0.090000
5089 0.090800
5090 0.096000
5091 0.106400
5092 0.108000
5093 0.113200
5094 0.102800
5095 0.110800
5096 0.107200
5097 0.106400
5098 0.110400
5099 0.106800
5100 0.109600
5101 0.100400
5102 0.099200
5103 0.106000
5104 0.111200
5105 0.097600
5106 0.094000
5107 0.091600
5108 0.091600
5109 0.093600
5110 0.097200
5111 0.112000
5112 0.112000
5113 0.113600
5114 0.116400
5115 0.123200
5116 0.106000
5117 0.103600
5118 0.106800
5119 0.101200
5120 0.102400
5121 0.105600
5122 0.106400
5123 0.110000
5124 0.104800
5125 0.114400
5126 0.107600
5127 0.111600
5128 0.108000
5129 0.095600
5130 0.097600
5131 0.089200
5132 0.090400
5133 0.096800
5134 0.101200
5135 0.111200
5136 0.122400
5137 0.105600
5138 0.108800
5139 0.112400
5140 0.113200
5141 0.118800
5142 0.108400
5143 0.100400
5144 0.110000
5145 0.111200
5146 0.111200
5147 0.110800
5148 0.122000
5149 0.116800
5150 0.111600
5151 0.102000
5152 0.103200
5153 0.090400
5154 0.092800
5155 0.087600
5156 0.093600
5157 0.099200
5158 0.100800
5159 0.108400
5160 0.115600
5161 0.104000
5162 0.116000
5163 0.112400
5164 0.104800
5165 0.107200
5166 0.109600
5167 0.115200
5168 0.121600
5169 0.136800
5170 0.128400
5171 0.129200
5172 0.142400
5173 0.136000
5174 0.139200
5175 0.132800
5176 0.133600
5177 0.132000
5178 0.122800
5179 0.120800
5180 0.115600
5181 0.119600
5182 0.121600
5183 0.118400
5184 0.122000
5185 0.118400
5186 0.124800
5187 0.129600
5188 0.124800
5189 0.123200
5190 0.110400
5191 0.118400
5192 0.114800
5193 0.117600
5194 0.110000
5195 0.124800
5196 0.124400
5197 0.116400
5198 0.109200
5199 0.108000
5200 0.108800
5201 0.105600
5202 0.114000
5203 0.120000
5204 0.122400
5205 0.117600
5206 0.118000
5207 0.110400
5208 0.109200
5209 0.104800
5210 0.097200
5211 0.086000
5212 0.098400
5213 0.091600
5214 0.086400
5215 0.098400
5216 0.088000
5217 0.090400
5218 0.098400
5219 0.107600
5220 0.100800
5221 0.112000
5222 0.110800
5223 0.099600
5224 0.092800
5225 0.094400
5226 0.097600
5227 0.092800
5228 0.088800
5229 0.094800
5230 0.092400
5231 0.090800
5232 0.098000
5233 0.095200
5234 0.102400
5235 0.099600
5236 0.096400
5237 0.099200
5238 0.100400
5239 0.097600
5240 0.094800
5241 0.097200
5242 0.091600
5243 0.085600
5244 0.091200
5245 0.091200
5246 0.090000
5247 0.085200
5248 0.082800
5249 0.083600
5250 0.080800
5251 0.075600
5252 0.076800
5253 0.070000
5254 0.066800
5255 0.068800
5256 0.074400
5257 0.074400
5258 0.079200
5259 0.076800
5260 0.076000
5261 0.076000
5262 0.070000
5263 0.063600
5264 0.064800
5265 0.069600
5266 0.076000
5267 0.061600
5268 0.066800
5269 0.061200
5270 0.064400
5271 0.067200
5272 0.058400
5273 0.072800
5274 0.073600
5275 0.077200
5276 0.084000
5277 0.078000
5278 0.087200
5279 0.081600
5280 0.073200
5281 0.076400
5282 0.076800
5283 0.081600
5284 0.080000
5285 0.080000
5286 0.084800
5287 0.081600
5288 0.086800
5289 0.091200
5290 0.095200
5291 0.092000
5292 0.096400
5293 0.088000
5294 0.085600
5295 0.092000
5296 0.084000
5297 0.082800
5298 0.079600
5299 0.082000
5300 0.091200
5301 0.087200
5302 0.083600
5303 0.091600
5304 0.082800
5305 0.089600
5306 0.098800
5307 0.108000
5308 0.097600
5309 0.105600
5310 0.096000
5311 0.096000
5312 0.090800
5313 0.095600
5314 0.101600
5315 0.105200
5316 0.111200
