0 0 0.000000 0.000000 
0 1 0.000000 0.000000 
0 2 0.000000 0.000000 
0 3 0.000000 0.000000 
0 4 0.000000 0.000000 
0 5 0.000000 0.000000 
0 6 0.000000 0.000000 
0 7 0.000000 0.000000 
0 8 0.000000 0.000000 
0 9 0.000000 0.000000 
0 10 0.000000 0.000000 
0 11 0.000000 0.000000 
0 12 0.000000 0.000000 
0 13 0.000000 0.000000 
0 14 0.000000 0.000000 
0 15 0.000000 0.000000 
0 16 0.000000 0.000000 
0 17 0.000000 0.000000 
0 18 0.000000 0.000000 
0 19 0.000000 0.000000 
0 20 0.000000 0.000000 
0 21 0.000000 0.000000 
0 22 0.000000 0.000000 
0 23 0.000000 0.000000 
0 24 0.000000 0.000000 
0 25 0.000000 0.000000 
0 26 0.000000 0.000000 
0 27 0.000000 0.000000 
0 28 0.000000 0.000000 
0 29 0.000000 0.000000 
0 30 0.000000 0.000000 
0 31 0.000000 0.000000 
0 32 0.000000 0.000000 
0 33 0.000000 0.000000 
0 34 0.000000 0.000000 
0 35 0.000000 0.000000 
0 36 0.000000 0.000000 
0 37 0.000000 0.000000 
0 38 0.000000 0.000000 
0 39 0.000000 0.000000 
0 40 0.000000 0.000000 
0 41 0.000000 0.000000 
0 42 0.000000 0.000000 
0 43 0.000000 0.000000 
0 44 0.000000 0.000000 
0 45 0.000000 0.000000 
0 46 0.000000 0.000000 
0 47 0.000000 0.000000 
0 48 0.000000 0.000000 
0 49 0.000000 0.000000 
0 50 0.000000 0.000000 
1 0 0.000000 0.000000 
1 1 -0.707107 -0.707107 
1 2 -0.893891 -0.448284 
1 3 -0.947945 -0.318434 
1 4 -0.969340 -0.245722 
1 5 -0.979774 -0.200105 
1 6 -0.985616 -0.169002 
1 7 -0.989222 -0.146425 
1 8 -0.991617 -0.129210 
1 9 -0.993305 -0.115520 
1 10 -0.994553 -0.104231 
1 11 -0.995516 -0.094598 
1 12 -0.996284 -0.086130 
1 13 -0.996917 -0.078465 
1 14 -0.997451 -0.071356 
1 15 -0.997911 -0.064608 
1 16 -0.998311 -0.058091 
1 17 -0.998663 -0.051695 
1 18 -0.998971 -0.045353 
1 19 -0.999239 -0.039007 
1 20 -0.999467 -0.032630 
1 21 -0.999657 -0.026199 
1 22 -0.999806 -0.019713 
1 23 -0.999913 -0.013174 
1 24 -0.999978 -0.006598 
1 25 -1.000000 -0.000000 
1 26 -0.999978 0.006598 
1 27 -0.999913 0.013174 
1 28 -0.999806 0.019713 
1 29 -0.999657 0.026199 
1 30 -0.999467 0.032630 
1 31 -0.999239 0.039007 
1 32 -0.998971 0.045353 
1 33 -0.998663 0.051695 
1 34 -0.998311 0.058091 
1 35 -0.997911 0.064608 
1 36 -0.997451 0.071356 
1 37 -0.996917 0.078465 
1 38 -0.996284 0.086130 
1 39 -0.995516 0.094598 
1 40 -0.994553 0.104231 
1 41 -0.993305 0.115520 
1 42 -0.991617 0.129210 
1 43 -0.989222 0.146425 
1 44 -0.985616 0.169002 
1 45 -0.979774 0.200105 
1 46 -0.969340 0.245722 
1 47 -0.947945 0.318434 
1 48 -0.893891 0.448284 
1 49 -0.707107 0.707107 
1 50 0.000000 0.000000 
2 0 0.000000 0.000000 
2 1 -0.448284 -0.893891 
2 2 -0.707107 -0.707107 
2 3 -0.830833 -0.556522 
2 4 -0.892466 -0.451116 
2 5 -0.926144 -0.377171 
2 6 -0.946224 -0.323513 
2 7 -0.959099 -0.283071 
2 8 -0.967870 -0.251450 
2 9 -0.974156 -0.225878 
2 10 -0.978864 -0.204511 
2 11 -0.982527 -0.186118 
2 12 -0.985477 -0.169809 
2 13 -0.987919 -0.154971 
2 14 -0.989992 -0.141124 
2 15 -0.991782 -0.127940 
2 16 -0.993349 -0.115146 
2 17 -0.994726 -0.102565 
2 18 -0.995938 -0.090045 
2 19 -0.996992 -0.077501 
2 20 -0.997894 -0.064861 
2 21 -0.998642 -0.052105 
2 22 -0.999231 -0.039216 
2 23 -0.999656 -0.026217 
2 24 -0.999914 -0.013130 
2 25 -1.000000 -0.000000 
2 26 -0.999914 0.013130 
2 27 -0.999656 0.026217 
2 28 -0.999231 0.039216 
2 29 -0.998642 0.052105 
2 30 -0.997894 0.064861 
2 31 -0.996992 0.077501 
2 32 -0.995938 0.090045 
2 33 -0.994726 0.102565 
2 34 -0.993349 0.115146 
2 35 -0.991782 0.127940 
2 36 -0.989992 0.141124 
2 37 -0.987919 0.154971 
2 38 -0.985477 0.169809 
2 39 -0.982527 0.186118 
2 40 -0.978864 0.204511 
2 41 -0.974156 0.225878 
2 42 -0.967870 0.251450 
2 43 -0.959099 0.283071 
2 44 -0.946224 0.323513 
2 45 -0.926144 0.377171 
2 46 -0.892466 0.451116 
2 47 -0.830833 0.556522 
2 48 -0.707107 0.707107 
2 49 -0.448284 0.893891 
2 50 0.000000 0.000000 
3 0 0.000000 0.000000 
3 1 -0.318434 -0.947945 
3 2 -0.556522 -0.830833 
3 3 -0.707107 -0.707107 
3 4 -0.798227 -0.602357 
3 5 -0.854473 -0.519495 
3 6 -0.890689 -0.454613 
3 7 -0.915119 -0.403183 
3 8 -0.932346 -0.361567 
3 9 -0.945008 -0.327046 
3 10 -0.954667 -0.297674 
3 11 -0.962297 -0.272001 
3 12 -0.968506 -0.248992 
3 13 -0.973700 -0.227834 
3 14 -0.978138 -0.207955 
3 15 -0.982001 -0.188877 
3 16 -0.985396 -0.170278 
3 17 -0.988399 -0.151879 
3 18 -0.991047 -0.133510 
3 19 -0.993363 -0.115024 
3 20 -0.995347 -0.096356 
3 21 -0.996996 -0.077456 
3 22 -0.998297 -0.058334 
3 23 -0.999239 -0.039010 
3 24 -0.999809 -0.019544 
3 25 -1.000000 -0.000000 
3 26 -0.999809 0.019544 
3 27 -0.999239 0.039010 
3 28 -0.998297 0.058334 
3 29 -0.996996 0.077456 
3 30 -0.995347 0.096356 
3 31 -0.993363 0.115024 
3 32 -0.991047 0.133510 
3 33 -0.988399 0.151879 
3 34 -0.985396 0.170278 
3 35 -0.982001 0.188877 
3 36 -0.978138 0.207955 
3 37 -0.973700 0.227834 
3 38 -0.968506 0.248992 
3 39 -0.962297 0.272001 
3 40 -0.954667 0.297674 
3 41 -0.945008 0.327046 
3 42 -0.932346 0.361567 
3 43 -0.915119 0.403183 
3 44 -0.890689 0.454613 
3 45 -0.854473 0.519495 
3 46 -0.798227 0.602357 
3 47 -0.707107 0.707107 
3 48 -0.556522 0.830833 
3 49 -0.318434 0.947945 
3 50 0.000000 0.000000 
4 0 0.000000 0.000000 
4 1 -0.245722 -0.969340 
4 2 -0.451116 -0.892466 
4 3 -0.602357 -0.798227 
4 4 -0.707107 -0.707107 
4 5 -0.778713 -0.627380 
4 6 -0.828330 -0.560240 
4 7 -0.863602 -0.504174 
4 8 -0.889456 -0.457022 
4 9 -0.909007 -0.416782 
4 10 -0.924265 -0.381751 
4 11 -0.936524 -0.350605 
4 12 -0.946652 -0.322256 
4 13 -0.955220 -0.295898 
4 14 -0.962621 -0.270850 
4 15 -0.969110 -0.246628 
4 16 -0.974862 -0.222810 
4 17 -0.979975 -0.199119 
4 18 -0.984513 -0.175311 
4 19 -0.988494 -0.151259 
4 20 -0.991922 -0.126853 
4 21 -0.994777 -0.102077 
4 22 -0.997036 -0.076930 
4 23 -0.998674 -0.051478 
4 24 -0.999667 -0.025797 
4 25 -1.000000 0.000000 
4 26 -0.999667 0.025797 
4 27 -0.998674 0.051478 
4 28 -0.997036 0.076930 
4 29 -0.994777 0.102077 
4 30 -0.991922 0.126853 
4 31 -0.988494 0.151259 
4 32 -0.984513 0.175311 
4 33 -0.979975 0.199119 
4 34 -0.974862 0.222810 
4 35 -0.969110 0.246628 
4 36 -0.962621 0.270850 
4 37 -0.955220 0.295898 
4 38 -0.946652 0.322256 
4 39 -0.936524 0.350605 
4 40 -0.924265 0.381751 
4 41 -0.909007 0.416782 
4 42 -0.889456 0.457022 
4 43 -0.863602 0.504174 
4 44 -0.828330 0.560240 
4 45 -0.778713 0.627380 
4 46 -0.707107 0.707107 
4 47 -0.602357 0.798227 
4 48 -0.451116 0.892466 
4 49 -0.245722 0.969340 
4 50 0.000000 0.000000 
5 0 0.000000 0.000000 
5 1 -0.200105 -0.979774 
5 2 -0.377171 -0.926144 
5 3 -0.519495 -0.854473 
5 4 -0.627380 -0.778713 
5 5 -0.707107 -0.707107 
5 6 -0.765899 -0.642961 
5 7 -0.809772 -0.586744 
5 8 -0.843155 -0.537670 
5 9 -0.869167 -0.494519 
5 10 -0.889944 -0.456071 
5 11 -0.906972 -0.421192 
5 12 -0.921259 -0.388950 
5 13 -0.933519 -0.358529 
5 14 -0.944224 -0.329304 
5 15 -0.953712 -0.300721 
5 16 -0.962186 -0.272392 
5 17 -0.969784 -0.243967 
5 18 -0.976562 -0.215235 
5 19 -0.982547 -0.186014 
5 20 -0.987719 -0.156238 
5 21 -0.992047 -0.125867 
5 22 -0.995481 -0.094956 
5 23 -0.997977 -0.063580 
5 24 -0.999492 -0.031877 
5 25 -1.000000 -0.000000 
5 26 -0.999492 0.031877 
5 27 -0.997977 0.063580 
5 28 -0.995481 0.094956 
5 29 -0.992047 0.125867 
5 30 -0.987719 0.156238 
5 31 -0.982547 0.186014 
5 32 -0.976562 0.215235 
5 33 -0.969784 0.243967 
5 34 -0.962186 0.272392 
5 35 -0.953712 0.300721 
5 36 -0.944224 0.329304 
5 37 -0.933519 0.358529 
5 38 -0.921259 0.388950 
5 39 -0.906972 0.421192 
5 40 -0.889944 0.456071 
5 41 -0.869167 0.494519 
5 42 -0.843155 0.537670 
5 43 -0.809772 0.586744 
5 44 -0.765899 0.642961 
5 45 -0.707107 0.707107 
5 46 -0.627380 0.778713 
5 47 -0.519495 0.854473 
5 48 -0.377171 0.926144 
5 49 -0.200105 0.979774 
5 50 0.000000 0.000000 
6 0 0.000000 0.000000 
6 1 -0.169002 -0.985616 
6 2 -0.323513 -0.946224 
6 3 -0.454613 -0.890689 
6 4 -0.560240 -0.828330 
6 5 -0.642961 -0.765899 
6 6 -0.707107 -0.707107 
6 7 -0.757021 -0.653390 
6 8 -0.796335 -0.604855 
6 9 -0.827839 -0.560966 
6 10 -0.853610 -0.520913 
6 11 -0.875141 -0.483868 
6 12 -0.893524 -0.449015 
6 13 -0.909518 -0.415665 
6 14 -0.923672 -0.383184 
6 15 -0.936344 -0.351083 
6 16 -0.947782 -0.318919 
6 17 -0.958114 -0.286388 
6 18 -0.967407 -0.253225 
6 19 -0.975659 -0.219295 
6 20 -0.982833 -0.184499 
6 21 -0.988859 -0.148855 
6 22 -0.993661 -0.112419 
6 23 -0.997158 -0.075338 
6 24 -0.999286 -0.037789 
6 25 -1.000000 0.000000 
6 26 -0.999286 0.037789 
6 27 -0.997158 0.075338 
6 28 -0.993661 0.112419 
6 29 -0.988859 0.148855 
6 30 -0.982833 0.184499 
6 31 -0.975659 0.219295 
6 32 -0.967407 0.253225 
6 33 -0.958114 0.286388 
6 34 -0.947782 0.318919 
6 35 -0.936344 0.351083 
6 36 -0.923672 0.383184 
6 37 -0.909518 0.415665 
6 38 -0.893524 0.449015 
6 39 -0.875141 0.483868 
6 40 -0.853610 0.520913 
6 41 -0.827839 0.560966 
6 42 -0.796335 0.604855 
6 43 -0.757021 0.653390 
6 44 -0.707107 0.707107 
6 45 -0.642961 0.765899 
6 46 -0.560240 0.828330 
6 47 -0.454613 0.890689 
6 48 -0.323513 0.946224 
6 49 -0.169002 0.985616 
6 50 0.000000 0.000000 
7 0 0.000000 0.000000 
7 1 -0.146425 -0.989222 
7 2 -0.283071 -0.959099 
7 3 -0.403183 -0.915119 
7 4 -0.504174 -0.863602 
7 5 -0.586744 -0.809772 
7 6 -0.653390 -0.757021 
7 7 -0.707107 -0.707107 
7 8 -0.750717 -0.660624 
7 9 -0.786589 -0.617477 
7 10 -0.816587 -0.577222 
7 11 -0.842151 -0.539242 
7 12 -0.864339 -0.502910 
7 13 -0.883943 -0.467595 
7 14 -0.901511 -0.432755 
7 15 -0.917437 -0.397881 
7 16 -0.931951 -0.362585 
7 17 -0.945192 -0.326516 
7 18 -0.957192 -0.289454 
7 19 -0.967929 -0.251225 
7 20 -0.977316 -0.211785 
7 21 -0.985246 -0.171143 
7 22 -0.991589 -0.129426 
7 23 -0.996225 -0.086814 
7 24 -0.999050 -0.043572 
7 25 -1.000000 -0.000000 
7 26 -0.999050 0.043572 
7 27 -0.996225 0.086814 
7 28 -0.991589 0.129426 
7 29 -0.985246 0.171143 
7 30 -0.977316 0.211785 
7 31 -0.967929 0.251225 
7 32 -0.957192 0.289454 
7 33 -0.945192 0.326516 
7 34 -0.931951 0.362585 
7 35 -0.917437 0.397881 
7 36 -0.901511 0.432755 
7 37 -0.883943 0.467595 
7 38 -0.864339 0.502910 
7 39 -0.842151 0.539242 
7 40 -0.816587 0.577222 
7 41 -0.786589 0.617477 
7 42 -0.750717 0.660624 
7 43 -0.707107 0.707107 
7 44 -0.653390 0.757021 
7 45 -0.586744 0.809772 
7 46 -0.504174 0.863602 
7 47 -0.403183 0.915119 
7 48 -0.283071 0.959099 
7 49 -0.146425 0.989222 
7 50 0.000000 0.000000 
8 0 0.000000 0.000000 
8 1 -0.129210 -0.991617 
8 2 -0.251450 -0.967870 
8 3 -0.361567 -0.932346 
8 4 -0.457022 -0.889456 
8 5 -0.537670 -0.843155 
8 6 -0.604855 -0.796335 
8 7 -0.660624 -0.750717 
8 8 -0.707107 -0.707107 
8 9 -0.746245 -0.665671 
8 10 -0.779669 -0.626192 
8 11 -0.808676 -0.588254 
8 12 -0.834284 -0.551335 
8 13 -0.857240 -0.514917 
8 14 -0.878104 -0.478470 
8 15 -0.897237 -0.441549 
8 16 -0.914879 -0.403729 
8 17 -0.931124 -0.364702 
8 18 -0.945987 -0.324203 
8 19 -0.959384 -0.282102 
8 20 -0.971184 -0.238329 
8 21 -0.981207 -0.192958 
8 22 -0.989265 -0.146136 
8 23 -0.995173 -0.098133 
8 24 -0.998785 -0.049284 
8 25 -1.000000 -0.000000 
8 26 -0.998785 0.049284 
8 27 -0.995173 0.098133 
8 28 -0.989265 0.146136 
8 29 -0.981207 0.192958 
8 30 -0.971184 0.238329 
8 31 -0.959384 0.282102 
8 32 -0.945987 0.324203 
8 33 -0.931124 0.364702 
8 34 -0.914879 0.403729 
8 35 -0.897237 0.441549 
8 36 -0.878104 0.478470 
8 37 -0.857240 0.514917 
8 38 -0.834284 0.551335 
8 39 -0.808676 0.588254 
8 40 -0.779669 0.626192 
8 41 -0.746245 0.665671 
8 42 -0.707107 0.707107 
8 43 -0.660624 0.750717 
8 44 -0.604855 0.796335 
8 45 -0.537670 0.843155 
8 46 -0.457022 0.889456 
8 47 -0.361567 0.932346 
8 48 -0.251450 0.967870 
8 49 -0.129210 0.991617 
8 50 0.000000 0.000000 
9 0 0.000000 0.000000 
9 1 -0.115520 -0.993305 
9 2 -0.225878 -0.974156 
9 3 -0.327046 -0.945008 
9 4 -0.416782 -0.909007 
9 5 -0.494519 -0.869167 
9 6 -0.560966 -0.827839 
9 7 -0.617477 -0.786589 
9 8 -0.665671 -0.746245 
9 9 -0.707107 -0.707107 
9 10 -0.743175 -0.669097 
9 11 -0.775036 -0.631917 
9 12 -0.803613 -0.595152 
9 13 -0.829624 -0.558323 
9 14 -0.853579 -0.520964 
9 15 -0.875837 -0.482608 
9 16 -0.896588 -0.442865 
9 17 -0.915912 -0.401380 
9 18 -0.933755 -0.357914 
9 19 -0.949985 -0.312294 
9 20 -0.964387 -0.264496 
9 21 -0.976705 -0.214589 
9 22 -0.986659 -0.162799 
9 23 -0.993992 -0.109456 
9 24 -0.998486 -0.055015 
9 25 -1.000000 -0.000000 
9 26 -0.998486 0.055015 
9 27 -0.993992 0.109456 
9 28 -0.986659 0.162799 
9 29 -0.976705 0.214589 
9 30 -0.964387 0.264496 
9 31 -0.949985 0.312294 
9 32 -0.933755 0.357914 
9 33 -0.915912 0.401380 
9 34 -0.896588 0.442865 
9 35 -0.875837 0.482608 
9 36 -0.853579 0.520964 
9 37 -0.829624 0.558323 
9 38 -0.803613 0.595152 
9 39 -0.775036 0.631917 
9 40 -0.743175 0.669097 
9 41 -0.707107 0.707107 
9 42 -0.665671 0.746245 
9 43 -0.617477 0.786589 
9 44 -0.560966 0.827839 
9 45 -0.494519 0.869167 
9 46 -0.416782 0.909007 
9 47 -0.327046 0.945008 
9 48 -0.225878 0.974156 
9 49 -0.115520 0.993305 
9 50 0.000000 0.000000 
10 0 0.000000 0.000000 
10 1 -0.104231 -0.994553 
10 2 -0.204511 -0.978864 
10 3 -0.297674 -0.954667 
10 4 -0.381751 -0.924265 
10 5 -0.456071 -0.889944 
10 6 -0.520913 -0.853610 
10 7 -0.577222 -0.816587 
10 8 -0.626192 -0.779669 
10 9 -0.669097 -0.743175 
10 10 -0.707107 -0.707107 
10 11 -0.741243 -0.671237 
10 12 -0.772345 -0.635203 
10 13 -0.801066 -0.598576 
10 14 -0.827893 -0.560885 
10 15 -0.853138 -0.521686 
10 16 -0.876971 -0.480543 
10 17 -0.899410 -0.437105 
10 18 -0.920358 -0.391076 
10 19 -0.939592 -0.342296 
10 20 -0.956812 -0.290706 
10 21 -0.971650 -0.236426 
10 22 -0.983719 -0.179713 
10 23 -0.992652 -0.121006 
10 24 -0.998146 -0.060873 
10 25 -1.000000 -0.000000 
10 26 -0.998146 0.060873 
10 27 -0.992652 0.121006 
10 28 -0.983719 0.179713 
10 29 -0.971650 0.236426 
10 30 -0.956812 0.290706 
10 31 -0.939592 0.342296 
10 32 -0.920358 0.391076 
10 33 -0.899410 0.437105 
10 34 -0.876971 0.480543 
10 35 -0.853138 0.521686 
10 36 -0.827893 0.560885 
10 37 -0.801066 0.598576 
10 38 -0.772345 0.635203 
10 39 -0.741243 0.671237 
10 40 -0.707107 0.707107 
10 41 -0.669097 0.743175 
10 42 -0.626192 0.779669 
10 43 -0.577222 0.816587 
10 44 -0.520913 0.853610 
10 45 -0.456071 0.889944 
10 46 -0.381751 0.924265 
10 47 -0.297674 0.954667 
10 48 -0.204511 0.978864 
10 49 -0.104231 0.994553 
10 50 0.000000 0.000000 
11 0 0.000000 0.000000 
11 1 -0.094598 -0.995516 
11 2 -0.186118 -0.982527 
11 3 -0.272001 -0.962297 
11 4 -0.350605 -0.936524 
11 5 -0.421192 -0.906972 
11 6 -0.483868 -0.875141 
11 7 -0.539242 -0.842151 
11 8 -0.588254 -0.808676 
11 9 -0.631917 -0.775036 
11 10 -0.671237 -0.741243 
11 11 -0.707107 -0.707107 
11 12 -0.740285 -0.672294 
11 13 -0.771375 -0.636381 
11 14 -0.800819 -0.598907 
11 15 -0.828906 -0.559388 
11 16 -0.855760 -0.517372 
11 17 -0.881363 -0.472440 
11 18 -0.905535 -0.424271 
11 19 -0.927977 -0.372637 
11 20 -0.948264 -0.317483 
11 21 -0.965900 -0.258915 
11 22 -0.980351 -0.197260 
11 23 -0.991110 -0.133046 
11 24 -0.997753 -0.067002 
11 25 -1.000000 -0.000000 
11 26 -0.997753 0.067002 
11 27 -0.991110 0.133046 
11 28 -0.980351 0.197260 
11 29 -0.965900 0.258915 
11 30 -0.948264 0.317483 
11 31 -0.927977 0.372637 
11 32 -0.905535 0.424271 
11 33 -0.881363 0.472440 
11 34 -0.855760 0.517372 
11 35 -0.828906 0.559388 
11 36 -0.800819 0.598907 
11 37 -0.771375 0.636381 
11 38 -0.740285 0.672294 
11 39 -0.707107 0.707107 
11 40 -0.671237 0.741243 
11 41 -0.631917 0.775036 
11 42 -0.588254 0.808676 
11 43 -0.539242 0.842151 
11 44 -0.483868 0.875141 
11 45 -0.421192 0.906972 
11 46 -0.350605 0.936524 
11 47 -0.272001 0.962297 
11 48 -0.186118 0.982527 
11 49 -0.094598 0.995516 
11 50 0.000000 0.000000 
12 0 0.000000 0.000000 
12 1 -0.086130 -0.996284 
12 2 -0.169809 -0.985477 
12 3 -0.248992 -0.968506 
12 4 -0.322256 -0.946652 
12 5 -0.388950 -0.921259 
12 6 -0.449015 -0.893524 
12 7 -0.502910 -0.864339 
12 8 -0.551335 -0.834284 
12 9 -0.595152 -0.803613 
12 10 -0.635203 -0.772345 
12 11 -0.672294 -0.740285 
12 12 -0.707107 -0.707107 
12 13 -0.740204 -0.672383 
12 14 -0.772000 -0.635623 
12 15 -0.802753 -0.596312 
12 16 -0.832565 -0.553928 
12 17 -0.861362 -0.507992 
12 18 -0.888906 -0.458089 
12 19 -0.914787 -0.403935 
12 20 -0.938454 -0.345403 
12 21 -0.959237 -0.282602 
12 22 -0.976418 -0.215887 
12 23 -0.989298 -0.145908 
12 24 -0.997290 -0.073572 
12 25 -1.000000 -0.000000 
12 26 -0.997290 0.073572 
12 27 -0.989298 0.145908 
12 28 -0.976418 0.215887 
12 29 -0.959237 0.282602 
12 30 -0.938454 0.345403 
12 31 -0.914787 0.403935 
12 32 -0.888906 0.458089 
12 33 -0.861362 0.507992 
12 34 -0.832565 0.553928 
12 35 -0.802753 0.596312 
12 36 -0.772000 0.635623 
12 37 -0.740204 0.672383 
12 38 -0.707107 0.707107 
12 39 -0.672294 0.740285 
12 40 -0.635203 0.772345 
12 41 -0.595152 0.803613 
12 42 -0.551335 0.834284 
12 43 -0.502910 0.864339 
12 44 -0.449015 0.893524 
12 45 -0.388950 0.921259 
12 46 -0.322256 0.946652 
12 47 -0.248992 0.968506 
12 48 -0.169809 0.985477 
12 49 -0.086130 0.996284 
12 50 0.000000 0.000000 
13 0 0.000000 0.000000 
13 1 -0.078465 -0.996917 
13 2 -0.154971 -0.987919 
13 3 -0.227834 -0.973700 
13 4 -0.295898 -0.955220 
13 5 -0.358529 -0.933519 
13 6 -0.415665 -0.909518 
13 7 -0.467595 -0.883943 
13 8 -0.514917 -0.857240 
13 9 -0.558323 -0.829624 
13 10 -0.598576 -0.801066 
13 11 -0.636381 -0.771375 
13 12 -0.672383 -0.740204 
13 13 -0.707107 -0.707107 
13 14 -0.740953 -0.671557 
13 15 -0.774172 -0.632975 
13 16 -0.806844 -0.590764 
13 17 -0.838868 -0.544334 
13 18 -0.869937 -0.493163 
13 19 -0.899542 -0.436835 
13 20 -0.926969 -0.375137 
13 21 -0.951351 -0.308110 
13 22 -0.971718 -0.236144 
13 23 -0.987118 -0.159995 
13 24 -0.996730 -0.080802 
13 25 -1.000000 -0.000000 
13 26 -0.996730 0.080802 
13 27 -0.987118 0.159995 
13 28 -0.971718 0.236144 
13 29 -0.951351 0.308110 
13 30 -0.926969 0.375137 
13 31 -0.899542 0.436835 
13 32 -0.869937 0.493163 
13 33 -0.838868 0.544334 
13 34 -0.806844 0.590764 
13 35 -0.774172 0.632975 
13 36 -0.740953 0.671557 
13 37 -0.707107 0.707107 
13 38 -0.672383 0.740204 
13 39 -0.636381 0.771375 
13 40 -0.598576 0.801066 
13 41 -0.558323 0.829624 
13 42 -0.514917 0.857240 
13 43 -0.467595 0.883943 
13 44 -0.415665 0.909518 
13 45 -0.358529 0.933519 
13 46 -0.295898 0.955220 
13 47 -0.227834 0.973700 
13 48 -0.154971 0.987919 
13 49 -0.078465 0.996917 
13 50 0.000000 0.000000 
14 0 0.000000 0.000000 
14 1 -0.071356 -0.997451 
14 2 -0.141124 -0.989992 
14 3 -0.207955 -0.978138 
14 4 -0.270850 -0.962621 
14 5 -0.329304 -0.944224 
14 6 -0.383184 -0.923672 
14 7 -0.432755 -0.901511 
14 8 -0.478470 -0.878104 
14 9 -0.520964 -0.853579 
14 10 -0.560885 -0.827893 
14 11 -0.598907 -0.800819 
14 12 -0.635623 -0.772000 
14 13 -0.671557 -0.740953 
14 14 -0.707107 -0.707107 
14 15 -0.742534 -0.669808 
14 16 -0.777930 -0.628351 
14 17 -0.813177 -0.582016 
14 18 -0.847930 -0.530108 
14 19 -0.881576 -0.472042 
14 20 -0.913238 -0.407427 
14 21 -0.941792 -0.336195 
14 22 -0.965958 -0.258700 
14 23 -0.984422 -0.175823 
14 24 -0.996034 -0.088970 
14 25 -1.000000 -0.000000 
14 26 -0.996034 0.088970 
14 27 -0.984422 0.175823 
14 28 -0.965958 0.258700 
14 29 -0.941792 0.336195 
14 30 -0.913238 0.407427 
14 31 -0.881576 0.472042 
14 32 -0.847930 0.530108 
14 33 -0.813177 0.582016 
14 34 -0.777930 0.628351 
14 35 -0.742534 0.669808 
14 36 -0.707107 0.707107 
14 37 -0.671557 0.740953 
14 38 -0.635623 0.772000 
14 39 -0.598907 0.800819 
14 40 -0.560885 0.827893 
14 41 -0.520964 0.853579 
14 42 -0.478470 0.878104 
14 43 -0.432755 0.901511 
14 44 -0.383184 0.923672 
14 45 -0.329304 0.944224 
14 46 -0.270850 0.962621 
14 47 -0.207955 0.978138 
14 48 -0.141124 0.989992 
14 49 -0.071356 0.997451 
14 50 0.000000 0.000000 
15 0 0.000000 0.000000 
15 1 -0.064608 -0.997911 
15 2 -0.127940 -0.991782 
15 3 -0.188877 -0.982001 
15 4 -0.246628 -0.969110 
15 5 -0.300721 -0.953712 
15 6 -0.351083 -0.936344 
15 7 -0.397881 -0.917437 
15 8 -0.441549 -0.897237 
15 9 -0.482608 -0.875837 
15 10 -0.521686 -0.853138 
15 11 -0.559388 -0.828906 
15 12 -0.596312 -0.802753 
15 13 -0.632975 -0.774172 
15 14 -0.669808 -0.742534 
15 15 -0.707107 -0.707107 
15 16 -0.745003 -0.667061 
15 17 -0.783410 -0.621505 
15 18 -0.821971 -0.569529 
15 19 -0.860004 -0.510286 
15 20 -0.896459 -0.443127 
15 21 -0.929925 -0.367750 
15 22 -0.958703 -0.284408 
15 23 -0.980990 -0.194059 
15 24 -0.995142 -0.098447 
15 25 -1.000000 -0.000000 
15 26 -0.995142 0.098447 
15 27 -0.980990 0.194059 
15 28 -0.958703 0.284408 
15 29 -0.929925 0.367750 
15 30 -0.896459 0.443127 
15 31 -0.860004 0.510286 
15 32 -0.821971 0.569529 
15 33 -0.783410 0.621505 
15 34 -0.745003 0.667061 
15 35 -0.707107 0.707107 
15 36 -0.669808 0.742534 
15 37 -0.632975 0.774172 
15 38 -0.596312 0.802753 
15 39 -0.559388 0.828906 
15 40 -0.521686 0.853138 
15 41 -0.482608 0.875837 
15 42 -0.441549 0.897237 
15 43 -0.397881 0.917437 
15 44 -0.351083 0.936344 
15 45 -0.300721 0.953712 
15 46 -0.246628 0.969110 
15 47 -0.188877 0.982001 
15 48 -0.127940 0.991782 
15 49 -0.064608 0.997911 
15 50 0.000000 0.000000 
16 0 0.000000 0.000000 
16 1 -0.058091 -0.998311 
16 2 -0.115146 -0.993349 
16 3 -0.170278 -0.985396 
16 4 -0.222810 -0.974862 
16 5 -0.272392 -0.962186 
16 6 -0.318919 -0.947782 
16 7 -0.362585 -0.931951 
16 8 -0.403729 -0.914879 
16 9 -0.442865 -0.896588 
16 10 -0.480543 -0.876971 
16 11 -0.517372 -0.855760 
16 12 -0.553928 -0.832565 
16 13 -0.590764 -0.806844 
16 14 -0.628351 -0.777930 
16 15 -0.667061 -0.745003 
16 16 -0.707107 -0.707107 
16 17 -0.748485 -0.663152 
16 18 -0.790894 -0.611953 
16 19 -0.833634 -0.552317 
16 20 -0.875518 -0.483185 
16 21 -0.914816 -0.403872 
16 22 -0.949305 -0.314358 
16 23 -0.976480 -0.215607 
16 24 -0.993960 -0.109747 
16 25 -1.000000 -0.000000 
16 26 -0.993960 0.109747 
16 27 -0.976480 0.215607 
16 28 -0.949305 0.314358 
16 29 -0.914816 0.403872 
16 30 -0.875518 0.483185 
16 31 -0.833634 0.552317 
16 32 -0.790894 0.611953 
16 33 -0.748485 0.663152 
16 34 -0.707107 0.707107 
16 35 -0.667061 0.745003 
16 36 -0.628351 0.777930 
16 37 -0.590764 0.806844 
16 38 -0.553928 0.832565 
16 39 -0.517372 0.855760 
16 40 -0.480543 0.876971 
16 41 -0.442865 0.896588 
16 42 -0.403729 0.914879 
16 43 -0.362585 0.931951 
16 44 -0.318919 0.947782 
16 45 -0.272392 0.962186 
16 46 -0.222810 0.974862 
16 47 -0.170278 0.985396 
16 48 -0.115146 0.993349 
16 49 -0.058091 0.998311 
16 50 0.000000 0.000000 
17 0 0.000000 0.000000 
17 1 -0.051695 -0.998663 
17 2 -0.102565 -0.994726 
17 3 -0.151879 -0.988399 
17 4 -0.199119 -0.979975 
17 5 -0.243967 -0.969784 
17 6 -0.286388 -0.958114 
17 7 -0.326516 -0.945192 
17 8 -0.364702 -0.931124 
17 9 -0.401380 -0.915912 
17 10 -0.437105 -0.899410 
17 11 -0.472440 -0.881363 
17 12 -0.507992 -0.861362 
17 13 -0.544334 -0.838868 
17 14 -0.582016 -0.813177 
17 15 -0.621505 -0.783410 
17 16 -0.663152 -0.748485 
17 17 -0.707107 -0.707107 
17 18 -0.753217 -0.657772 
17 19 -0.800873 -0.598834 
17 20 -0.848838 -0.528653 
17 21 -0.895084 -0.445897 
17 22 -0.936749 -0.350002 
17 23 -0.970344 -0.241728 
17 24 -0.992330 -0.123614 
17 25 -1.000000 -0.000000 
17 26 -0.992330 0.123614 
17 27 -0.970344 0.241728 
17 28 -0.936749 0.350002 
17 29 -0.895084 0.445897 
17 30 -0.848838 0.528653 
17 31 -0.800873 0.598834 
17 32 -0.753217 0.657772 
17 33 -0.707107 0.707107 
17 34 -0.663152 0.748485 
17 35 -0.621505 0.783410 
17 36 -0.582016 0.813177 
17 37 -0.544334 0.838868 
17 38 -0.507992 0.861362 
17 39 -0.472440 0.881363 
17 40 -0.437105 0.899410 
17 41 -0.401380 0.915912 
17 42 -0.364702 0.931124 
17 43 -0.326516 0.945192 
17 44 -0.286388 0.958114 
17 45 -0.243967 0.969784 
17 46 -0.199119 0.979975 
17 47 -0.151879 0.988399 
17 48 -0.102565 0.994726 
17 49 -0.051695 0.998663 
17 50 0.000000 0.000000 
18 0 0.000000 0.000000 
18 1 -0.045353 -0.998971 
18 2 -0.090045 -0.995938 
18 3 -0.133510 -0.991047 
18 4 -0.175311 -0.984513 
18 5 -0.215235 -0.976562 
18 6 -0.253225 -0.967407 
18 7 -0.289454 -0.957192 
18 8 -0.324203 -0.945987 
18 9 -0.357914 -0.933755 
18 10 -0.391076 -0.920358 
18 11 -0.424271 -0.905535 
18 12 -0.458089 -0.888906 
18 13 -0.493163 -0.869937 
18 14 -0.530108 -0.847930 
18 15 -0.569529 -0.821971 
18 16 -0.611953 -0.790894 
18 17 -0.657772 -0.753217 
18 18 -0.707107 -0.707107 
18 19 -0.759610 -0.650378 
18 20 -0.814185 -0.580606 
18 21 -0.868637 -0.495449 
18 22 -0.919411 -0.393298 
18 23 -0.961655 -0.274261 
18 24 -0.989984 -0.141179 
18 25 -1.000000 -0.000000 
18 26 -0.989984 0.141179 
18 27 -0.961655 0.274261 
18 28 -0.919411 0.393298 
18 29 -0.868637 0.495449 
18 30 -0.814185 0.580606 
18 31 -0.759610 0.650378 
18 32 -0.707107 0.707107 
18 33 -0.657772 0.753217 
18 34 -0.611953 0.790894 
18 35 -0.569529 0.821971 
18 36 -0.530108 0.847930 
18 37 -0.493163 0.869937 
18 38 -0.458089 0.888906 
18 39 -0.424271 0.905535 
18 40 -0.391076 0.920358 
18 41 -0.357914 0.933755 
18 42 -0.324203 0.945987 
18 43 -0.289454 0.957192 
18 44 -0.253225 0.967407 
18 45 -0.215235 0.976562 
18 46 -0.175311 0.984513 
18 47 -0.133510 0.991047 
18 48 -0.090045 0.995938 
18 49 -0.045353 0.998971 
18 50 0.000000 0.000000 
19 0 0.000000 0.000000 
19 1 -0.039007 -0.999239 
19 2 -0.077501 -0.996992 
19 3 -0.115024 -0.993363 
19 4 -0.151259 -0.988494 
19 5 -0.186014 -0.982547 
19 6 -0.219295 -0.975659 
19 7 -0.251225 -0.967929 
19 8 -0.282102 -0.959384 
19 9 -0.312294 -0.949985 
19 10 -0.342296 -0.939592 
19 11 -0.372637 -0.927977 
19 12 -0.403935 -0.914787 
19 13 -0.436835 -0.899542 
19 14 -0.472042 -0.881576 
19 15 -0.510286 -0.860004 
19 16 -0.552317 -0.833634 
19 17 -0.598834 -0.800873 
19 18 -0.650378 -0.759610 
19 19 -0.707107 -0.707107 
19 20 -0.768398 -0.639972 
19 21 -0.832255 -0.554393 
19 22 -0.894581 -0.446906 
19 23 -0.948763 -0.315989 
19 24 -0.986415 -0.164271 
19 25 -1.000000 -0.000000 
19 26 -0.986415 0.164271 
19 27 -0.948763 0.315989 
19 28 -0.894581 0.446906 
19 29 -0.832255 0.554393 
19 30 -0.768398 0.639972 
19 31 -0.707107 0.707107 
19 32 -0.650378 0.759610 
19 33 -0.598834 0.800873 
19 34 -0.552317 0.833634 
19 35 -0.510286 0.860004 
19 36 -0.472042 0.881576 
19 37 -0.436835 0.899542 
19 38 -0.403935 0.914787 
19 39 -0.372637 0.927977 
19 40 -0.342296 0.939592 
19 41 -0.312294 0.949985 
19 42 -0.282102 0.959384 
19 43 -0.251225 0.967929 
19 44 -0.219295 0.975659 
19 45 -0.186014 0.982547 
19 46 -0.151259 0.988494 
19 47 -0.115024 0.993363 
19 48 -0.077501 0.996992 
19 49 -0.039007 0.999239 
19 50 0.000000 0.000000 
20 0 0.000000 0.000000 
20 1 -0.032630 -0.999467 
20 2 -0.064861 -0.997894 
20 3 -0.096356 -0.995347 
20 4 -0.126853 -0.991922 
20 5 -0.156238 -0.987719 
20 6 -0.184499 -0.982833 
20 7 -0.211785 -0.977316 
20 8 -0.238329 -0.971184 
20 9 -0.264496 -0.964387 
20 10 -0.290706 -0.956812 
20 11 -0.317483 -0.948264 
20 12 -0.345403 -0.938454 
20 13 -0.375137 -0.926969 
20 14 -0.407427 -0.913238 
20 15 -0.443127 -0.896459 
20 16 -0.483185 -0.875518 
20 17 -0.528653 -0.848838 
20 18 -0.580606 -0.814185 
20 19 -0.639972 -0.768398 
20 20 -0.707107 -0.707107 
20 21 -0.780946 -0.624599 
20 22 -0.857569 -0.514369 
20 23 -0.928520 -0.371282 
20 24 -0.980593 -0.196056 
20 25 -1.000000 -0.000000 
20 26 -0.980593 0.196056 
20 27 -0.928520 0.371282 
20 28 -0.857569 0.514369 
20 29 -0.780946 0.624599 
20 30 -0.707107 0.707107 
20 31 -0.639972 0.768398 
20 32 -0.580606 0.814185 
20 33 -0.528653 0.848838 
20 34 -0.483185 0.875518 
20 35 -0.443127 0.896459 
20 36 -0.407427 0.913238 
20 37 -0.375137 0.926969 
20 38 -0.345403 0.938454 
20 39 -0.317483 0.948264 
20 40 -0.290706 0.956812 
20 41 -0.264496 0.964387 
20 42 -0.238329 0.971184 
20 43 -0.211785 0.977316 
20 44 -0.184499 0.982833 
20 45 -0.156238 0.987719 
20 46 -0.126853 0.991922 
20 47 -0.096356 0.995347 
20 48 -0.064861 0.997894 
20 49 -0.032630 0.999467 
20 50 0.000000 0.000000 
21 0 0.000000 0.000000 
21 1 -0.026199 -0.999657 
21 2 -0.052105 -0.998642 
21 3 -0.077456 -0.996996 
21 4 -0.102077 -0.994777 
21 5 -0.125867 -0.992047 
21 6 -0.148855 -0.988859 
21 7 -0.171143 -0.985246 
21 8 -0.192958 -0.981207 
21 9 -0.214589 -0.976705 
21 10 -0.236426 -0.971650 
21 11 -0.258915 -0.965900 
21 12 -0.282602 -0.959237 
21 13 -0.308110 -0.951351 
21 14 -0.336195 -0.941792 
21 15 -0.367750 -0.929925 
21 16 -0.403872 -0.914816 
21 17 -0.445897 -0.895084 
21 18 -0.495449 -0.868637 
21 19 -0.554393 -0.832255 
21 20 -0.624599 -0.780946 
21 21 -0.707107 -0.707107 
21 22 -0.800027 -0.599964 
21 23 -0.894447 -0.447174 
21 24 -0.970148 -0.242512 
21 25 -1.000000 -0.000000 
21 26 -0.970148 0.242512 
21 27 -0.894447 0.447174 
21 28 -0.800027 0.599964 
21 29 -0.707107 0.707107 
21 30 -0.624599 0.780946 
21 31 -0.554393 0.832255 
21 32 -0.495449 0.868637 
21 33 -0.445897 0.895084 
21 34 -0.403872 0.914816 
21 35 -0.367750 0.929925 
21 36 -0.336195 0.941792 
21 37 -0.308110 0.951351 
21 38 -0.282602 0.959237 
21 39 -0.258915 0.965900 
21 40 -0.236426 0.971650 
21 41 -0.214589 0.976705 
21 42 -0.192958 0.981207 
21 43 -0.171143 0.985246 
21 44 -0.148855 0.988859 
21 45 -0.125867 0.992047 
21 46 -0.102077 0.994777 
21 47 -0.077456 0.996996 
21 48 -0.052105 0.998642 
21 49 -0.026199 0.999657 
21 50 0.000000 0.000000 
22 0 0.000000 0.000000 
22 1 -0.019713 -0.999806 
22 2 -0.039216 -0.999231 
22 3 -0.058334 -0.998297 
22 4 -0.076930 -0.997036 
22 5 -0.094956 -0.995481 
22 6 -0.112419 -0.993661 
22 7 -0.129426 -0.991589 
22 8 -0.146136 -0.989265 
22 9 -0.162799 -0.986659 
22 10 -0.179713 -0.983719 
22 11 -0.197260 -0.980351 
22 12 -0.215887 -0.976418 
22 13 -0.236144 -0.971718 
22 14 -0.258700 -0.965958 
22 15 -0.284408 -0.958703 
22 16 -0.314358 -0.949305 
22 17 -0.350002 -0.936749 
22 18 -0.393298 -0.919411 
22 19 -0.446906 -0.894581 
22 20 -0.514369 -0.857569 
22 21 -0.599964 -0.800027 
22 22 -0.707107 -0.707107 
22 23 -0.832057 -0.554691 
22 24 -0.948686 -0.316221 
22 25 -1.000000 -0.000000 
22 26 -0.948686 0.316221 
22 27 -0.832057 0.554691 
22 28 -0.707107 0.707107 
22 29 -0.599964 0.800027 
22 30 -0.514369 0.857569 
22 31 -0.446906 0.894581 
22 32 -0.393298 0.919411 
22 33 -0.350002 0.936749 
22 34 -0.314358 0.949305 
22 35 -0.284408 0.958703 
22 36 -0.258700 0.965958 
22 37 -0.236144 0.971718 
22 38 -0.215887 0.976418 
22 39 -0.197260 0.980351 
22 40 -0.179713 0.983719 
22 41 -0.162799 0.986659 
22 42 -0.146136 0.989265 
22 43 -0.129426 0.991589 
22 44 -0.112419 0.993661 
22 45 -0.094956 0.995481 
22 46 -0.076930 0.997036 
22 47 -0.058334 0.998297 
22 48 -0.039216 0.999231 
22 49 -0.019713 0.999806 
22 50 0.000000 0.000000 
23 0 0.000000 0.000000 
23 1 -0.013174 -0.999913 
23 2 -0.026217 -0.999656 
23 3 -0.039010 -0.999239 
23 4 -0.051478 -0.998674 
23 5 -0.063580 -0.997977 
23 6 -0.075338 -0.997158 
23 7 -0.086814 -0.996225 
23 8 -0.098133 -0.995173 
23 9 -0.109456 -0.993992 
23 10 -0.121006 -0.992652 
23 11 -0.133046 -0.991110 
23 12 -0.145908 -0.989298 
23 13 -0.159995 -0.987118 
23 14 -0.175823 -0.984422 
23 15 -0.194059 -0.980990 
23 16 -0.215607 -0.976480 
23 17 -0.241728 -0.970344 
23 18 -0.274261 -0.961655 
23 19 -0.315989 -0.948763 
23 20 -0.371282 -0.928520 
23 21 -0.447174 -0.894447 
23 22 -0.554691 -0.832057 
23 23 -0.707107 -0.707107 
23 24 -0.894428 -0.447212 
23 25 -1.000000 -0.000000 
23 26 -0.894428 0.447212 
23 27 -0.707107 0.707107 
23 28 -0.554691 0.832057 
23 29 -0.447174 0.894447 
23 30 -0.371282 0.928520 
23 31 -0.315989 0.948763 
23 32 -0.274261 0.961655 
23 33 -0.241728 0.970344 
23 34 -0.215607 0.976480 
23 35 -0.194059 0.980990 
23 36 -0.175823 0.984422 
23 37 -0.159995 0.987118 
23 38 -0.145908 0.989298 
23 39 -0.133046 0.991110 
23 40 -0.121006 0.992652 
23 41 -0.109456 0.993992 
23 42 -0.098133 0.995173 
23 43 -0.086814 0.996225 
23 44 -0.075338 0.997158 
23 45 -0.063580 0.997977 
23 46 -0.051478 0.998674 
23 47 -0.039010 0.999239 
23 48 -0.026217 0.999656 
23 49 -0.013174 0.999913 
23 50 0.000000 0.000000 
24 0 0.000000 0.000000 
24 1 -0.006598 -0.999978 
24 2 -0.013130 -0.999914 
24 3 -0.019544 -0.999809 
24 4 -0.025797 -0.999667 
24 5 -0.031877 -0.999492 
24 6 -0.037789 -0.999286 
24 7 -0.043572 -0.999050 
24 8 -0.049284 -0.998785 
24 9 -0.055015 -0.998486 
24 10 -0.060873 -0.998146 
24 11 -0.067002 -0.997753 
24 12 -0.073572 -0.997290 
24 13 -0.080802 -0.996730 
24 14 -0.088970 -0.996034 
24 15 -0.098447 -0.995142 
24 16 -0.109747 -0.993960 
24 17 -0.123614 -0.992330 
24 18 -0.141179 -0.989984 
24 19 -0.164271 -0.986415 
24 20 -0.196056 -0.980593 
24 21 -0.242512 -0.970148 
24 22 -0.316221 -0.948686 
24 23 -0.447212 -0.894428 
24 24 -0.707107 -0.707107 
24 25 -1.000000 0.000000 
24 26 -0.707107 0.707107 
24 27 -0.447212 0.894428 
24 28 -0.316221 0.948686 
24 29 -0.242512 0.970148 
24 30 -0.196056 0.980593 
24 31 -0.164271 0.986415 
24 32 -0.141179 0.989984 
24 33 -0.123614 0.992330 
24 34 -0.109747 0.993960 
24 35 -0.098447 0.995142 
24 36 -0.088970 0.996034 
24 37 -0.080802 0.996730 
24 38 -0.073572 0.997290 
24 39 -0.067002 0.997753 
24 40 -0.060873 0.998146 
24 41 -0.055015 0.998486 
24 42 -0.049284 0.998785 
24 43 -0.043572 0.999050 
24 44 -0.037789 0.999286 
24 45 -0.031877 0.999492 
24 46 -0.025797 0.999667 
24 47 -0.019544 0.999809 
24 48 -0.013130 0.999914 
24 49 -0.006598 0.999978 
24 50 0.000000 0.000000 
25 0 0.000000 0.000000 
25 1 -0.000000 -1.000000 
25 2 -0.000000 -1.000000 
25 3 -0.000000 -1.000000 
25 4 -0.000000 -1.000000 
25 5 -0.000000 -1.000000 
25 6 -0.000000 -1.000000 
25 7 -0.000000 -1.000000 
25 8 -0.000000 -1.000000 
25 9 -0.000000 -1.000000 
25 10 -0.000000 -1.000000 
25 11 -0.000000 -1.000000 
25 12 -0.000000 -1.000000 
25 13 -0.000000 -1.000000 
25 14 -0.000000 -1.000000 
25 15 -0.000000 -1.000000 
25 16 -0.000000 -1.000000 
25 17 -0.000000 -1.000000 
25 18 -0.000000 -1.000000 
25 19 -0.000000 -1.000000 
25 20 -0.000000 -1.000000 
25 21 -0.000000 -1.000000 
25 22 -0.000000 -1.000000 
25 23 -0.000000 -1.000000 
25 24 -0.000000 -1.000000 
25 25 -0.000000 1.000000 
25 26 -0.000000 1.000000 
25 27 -0.000000 1.000000 
25 28 -0.000000 1.000000 
25 29 -0.000000 1.000000 
25 30 -0.000000 1.000000 
25 31 -0.000000 1.000000 
25 32 -0.000000 1.000000 
25 33 -0.000000 1.000000 
25 34 -0.000000 1.000000 
25 35 -0.000000 1.000000 
25 36 -0.000000 1.000000 
25 37 -0.000000 1.000000 
25 38 -0.000000 1.000000 
25 39 -0.000000 1.000000 
25 40 -0.000000 1.000000 
25 41 -0.000000 1.000000 
25 42 -0.000000 1.000000 
25 43 -0.000000 1.000000 
25 44 -0.000000 1.000000 
25 45 -0.000000 1.000000 
25 46 -0.000000 1.000000 
25 47 -0.000000 1.000000 
25 48 -0.000000 1.000000 
25 49 -0.000000 1.000000 
25 50 0.000000 0.000000 
26 0 0.000000 0.000000 
26 1 0.006598 -0.999978 
26 2 0.013130 -0.999914 
26 3 0.019544 -0.999809 
26 4 0.025797 -0.999667 
26 5 0.031877 -0.999492 
26 6 0.037789 -0.999286 
26 7 0.043572 -0.999050 
26 8 0.049284 -0.998785 
26 9 0.055015 -0.998486 
26 10 0.060873 -0.998146 
26 11 0.067002 -0.997753 
26 12 0.073572 -0.997290 
26 13 0.080802 -0.996730 
26 14 0.088970 -0.996034 
26 15 0.098447 -0.995142 
26 16 0.109747 -0.993960 
26 17 0.123614 -0.992330 
26 18 0.141179 -0.989984 
26 19 0.164271 -0.986415 
26 20 0.196056 -0.980593 
26 21 0.242512 -0.970148 
26 22 0.316221 -0.948686 
26 23 0.447212 -0.894428 
26 24 0.707107 -0.707107 
26 25 1.000000 0.000000 
26 26 0.707107 0.707107 
26 27 0.447212 0.894428 
26 28 0.316221 0.948686 
26 29 0.242512 0.970148 
26 30 0.196056 0.980593 
26 31 0.164271 0.986415 
26 32 0.141179 0.989984 
26 33 0.123614 0.992330 
26 34 0.109747 0.993960 
26 35 0.098447 0.995142 
26 36 0.088970 0.996034 
26 37 0.080802 0.996730 
26 38 0.073572 0.997290 
26 39 0.067002 0.997753 
26 40 0.060873 0.998146 
26 41 0.055015 0.998486 
26 42 0.049284 0.998785 
26 43 0.043572 0.999050 
26 44 0.037789 0.999286 
26 45 0.031877 0.999492 
26 46 0.025797 0.999667 
26 47 0.019544 0.999809 
26 48 0.013130 0.999914 
26 49 0.006598 0.999978 
26 50 0.000000 0.000000 
27 0 0.000000 0.000000 
27 1 0.013174 -0.999913 
27 2 0.026217 -0.999656 
27 3 0.039010 -0.999239 
27 4 0.051478 -0.998674 
27 5 0.063580 -0.997977 
27 6 0.075338 -0.997158 
27 7 0.086814 -0.996225 
27 8 0.098133 -0.995173 
27 9 0.109456 -0.993992 
27 10 0.121006 -0.992652 
27 11 0.133046 -0.991110 
27 12 0.145908 -0.989298 
27 13 0.159995 -0.987118 
27 14 0.175823 -0.984422 
27 15 0.194059 -0.980990 
27 16 0.215607 -0.976480 
27 17 0.241728 -0.970344 
27 18 0.274261 -0.961655 
27 19 0.315989 -0.948763 
27 20 0.371282 -0.928520 
27 21 0.447174 -0.894447 
27 22 0.554691 -0.832057 
27 23 0.707107 -0.707107 
27 24 0.894428 -0.447212 
27 25 1.000000 -0.000000 
27 26 0.894428 0.447212 
27 27 0.707107 0.707107 
27 28 0.554691 0.832057 
27 29 0.447174 0.894447 
27 30 0.371282 0.928520 
27 31 0.315989 0.948763 
27 32 0.274261 0.961655 
27 33 0.241728 0.970344 
27 34 0.215607 0.976480 
27 35 0.194059 0.980990 
27 36 0.175823 0.984422 
27 37 0.159995 0.987118 
27 38 0.145908 0.989298 
27 39 0.133046 0.991110 
27 40 0.121006 0.992652 
27 41 0.109456 0.993992 
27 42 0.098133 0.995173 
27 43 0.086814 0.996225 
27 44 0.075338 0.997158 
27 45 0.063580 0.997977 
27 46 0.051478 0.998674 
27 47 0.039010 0.999239 
27 48 0.026217 0.999656 
27 49 0.013174 0.999913 
27 50 0.000000 0.000000 
28 0 0.000000 0.000000 
28 1 0.019713 -0.999806 
28 2 0.039216 -0.999231 
28 3 0.058334 -0.998297 
28 4 0.076930 -0.997036 
28 5 0.094956 -0.995481 
28 6 0.112419 -0.993661 
28 7 0.129426 -0.991589 
28 8 0.146136 -0.989265 
28 9 0.162799 -0.986659 
28 10 0.179713 -0.983719 
28 11 0.197260 -0.980351 
28 12 0.215887 -0.976418 
28 13 0.236144 -0.971718 
28 14 0.258700 -0.965958 
28 15 0.284408 -0.958703 
28 16 0.314358 -0.949305 
28 17 0.350002 -0.936749 
28 18 0.393298 -0.919411 
28 19 0.446906 -0.894581 
28 20 0.514369 -0.857569 
28 21 0.599964 -0.800027 
28 22 0.707107 -0.707107 
28 23 0.832057 -0.554691 
28 24 0.948686 -0.316221 
28 25 1.000000 -0.000000 
28 26 0.948686 0.316221 
28 27 0.832057 0.554691 
28 28 0.707107 0.707107 
28 29 0.599964 0.800027 
28 30 0.514369 0.857569 
28 31 0.446906 0.894581 
28 32 0.393298 0.919411 
28 33 0.350002 0.936749 
28 34 0.314358 0.949305 
28 35 0.284408 0.958703 
28 36 0.258700 0.965958 
28 37 0.236144 0.971718 
28 38 0.215887 0.976418 
28 39 0.197260 0.980351 
28 40 0.179713 0.983719 
28 41 0.162799 0.986659 
28 42 0.146136 0.989265 
28 43 0.129426 0.991589 
28 44 0.112419 0.993661 
28 45 0.094956 0.995481 
28 46 0.076930 0.997036 
28 47 0.058334 0.998297 
28 48 0.039216 0.999231 
28 49 0.019713 0.999806 
28 50 0.000000 0.000000 
29 0 0.000000 0.000000 
29 1 0.026199 -0.999657 
29 2 0.052105 -0.998642 
29 3 0.077456 -0.996996 
29 4 0.102077 -0.994777 
29 5 0.125867 -0.992047 
29 6 0.148855 -0.988859 
29 7 0.171143 -0.985246 
29 8 0.192958 -0.981207 
29 9 0.214589 -0.976705 
29 10 0.236426 -0.971650 
29 11 0.258915 -0.965900 
29 12 0.282602 -0.959237 
29 13 0.308110 -0.951351 
29 14 0.336195 -0.941792 
29 15 0.367750 -0.929925 
29 16 0.403872 -0.914816 
29 17 0.445897 -0.895084 
29 18 0.495449 -0.868637 
29 19 0.554393 -0.832255 
29 20 0.624599 -0.780946 
29 21 0.707107 -0.707107 
29 22 0.800027 -0.599964 
29 23 0.894447 -0.447174 
29 24 0.970148 -0.242512 
29 25 1.000000 -0.000000 
29 26 0.970148 0.242512 
29 27 0.894447 0.447174 
29 28 0.800027 0.599964 
29 29 0.707107 0.707107 
29 30 0.624599 0.780946 
29 31 0.554393 0.832255 
29 32 0.495449 0.868637 
29 33 0.445897 0.895084 
29 34 0.403872 0.914816 
29 35 0.367750 0.929925 
29 36 0.336195 0.941792 
29 37 0.308110 0.951351 
29 38 0.282602 0.959237 
29 39 0.258915 0.965900 
29 40 0.236426 0.971650 
29 41 0.214589 0.976705 
29 42 0.192958 0.981207 
29 43 0.171143 0.985246 
29 44 0.148855 0.988859 
29 45 0.125867 0.992047 
29 46 0.102077 0.994777 
29 47 0.077456 0.996996 
29 48 0.052105 0.998642 
29 49 0.026199 0.999657 
29 50 0.000000 0.000000 
30 0 0.000000 0.000000 
30 1 0.032630 -0.999467 
30 2 0.064861 -0.997894 
30 3 0.096356 -0.995347 
30 4 0.126853 -0.991922 
30 5 0.156238 -0.987719 
30 6 0.184499 -0.982833 
30 7 0.211785 -0.977316 
30 8 0.238329 -0.971184 
30 9 0.264496 -0.964387 
30 10 0.290706 -0.956812 
30 11 0.317483 -0.948264 
30 12 0.345403 -0.938454 
30 13 0.375137 -0.926969 
30 14 0.407427 -0.913238 
30 15 0.443127 -0.896459 
30 16 0.483185 -0.875518 
30 17 0.528653 -0.848838 
30 18 0.580606 -0.814185 
30 19 0.639972 -0.768398 
30 20 0.707107 -0.707107 
30 21 0.780946 -0.624599 
30 22 0.857569 -0.514369 
30 23 0.928520 -0.371282 
30 24 0.980593 -0.196056 
30 25 1.000000 -0.000000 
30 26 0.980593 0.196056 
30 27 0.928520 0.371282 
30 28 0.857569 0.514369 
30 29 0.780946 0.624599 
30 30 0.707107 0.707107 
30 31 0.639972 0.768398 
30 32 0.580606 0.814185 
30 33 0.528653 0.848838 
30 34 0.483185 0.875518 
30 35 0.443127 0.896459 
30 36 0.407427 0.913238 
30 37 0.375137 0.926969 
30 38 0.345403 0.938454 
30 39 0.317483 0.948264 
30 40 0.290706 0.956812 
30 41 0.264496 0.964387 
30 42 0.238329 0.971184 
30 43 0.211785 0.977316 
30 44 0.184499 0.982833 
30 45 0.156238 0.987719 
30 46 0.126853 0.991922 
30 47 0.096356 0.995347 
30 48 0.064861 0.997894 
30 49 0.032630 0.999467 
30 50 0.000000 0.000000 
31 0 0.000000 0.000000 
31 1 0.039007 -0.999239 
31 2 0.077501 -0.996992 
31 3 0.115024 -0.993363 
31 4 0.151259 -0.988494 
31 5 0.186014 -0.982547 
31 6 0.219295 -0.975659 
31 7 0.251225 -0.967929 
31 8 0.282102 -0.959384 
31 9 0.312294 -0.949985 
31 10 0.342296 -0.939592 
31 11 0.372637 -0.927977 
31 12 0.403935 -0.914787 
31 13 0.436835 -0.899542 
31 14 0.472042 -0.881576 
31 15 0.510286 -0.860004 
31 16 0.552317 -0.833634 
31 17 0.598834 -0.800873 
31 18 0.650378 -0.759610 
31 19 0.707107 -0.707107 
31 20 0.768398 -0.639972 
31 21 0.832255 -0.554393 
31 22 0.894581 -0.446906 
31 23 0.948763 -0.315989 
31 24 0.986415 -0.164271 
31 25 1.000000 -0.000000 
31 26 0.986415 0.164271 
31 27 0.948763 0.315989 
31 28 0.894581 0.446906 
31 29 0.832255 0.554393 
31 30 0.768398 0.639972 
31 31 0.707107 0.707107 
31 32 0.650378 0.759610 
31 33 0.598834 0.800873 
31 34 0.552317 0.833634 
31 35 0.510286 0.860004 
31 36 0.472042 0.881576 
31 37 0.436835 0.899542 
31 38 0.403935 0.914787 
31 39 0.372637 0.927977 
31 40 0.342296 0.939592 
31 41 0.312294 0.949985 
31 42 0.282102 0.959384 
31 43 0.251225 0.967929 
31 44 0.219295 0.975659 
31 45 0.186014 0.982547 
31 46 0.151259 0.988494 
31 47 0.115024 0.993363 
31 48 0.077501 0.996992 
31 49 0.039007 0.999239 
31 50 0.000000 0.000000 
32 0 0.000000 0.000000 
32 1 0.045353 -0.998971 
32 2 0.090045 -0.995938 
32 3 0.133510 -0.991047 
32 4 0.175311 -0.984513 
32 5 0.215235 -0.976562 
32 6 0.253225 -0.967407 
32 7 0.289454 -0.957192 
32 8 0.324203 -0.945987 
32 9 0.357914 -0.933755 
32 10 0.391076 -0.920358 
32 11 0.424271 -0.905535 
32 12 0.458089 -0.888906 
32 13 0.493163 -0.869937 
32 14 0.530108 -0.847930 
32 15 0.569529 -0.821971 
32 16 0.611953 -0.790894 
32 17 0.657772 -0.753217 
32 18 0.707107 -0.707107 
32 19 0.759610 -0.650378 
32 20 0.814185 -0.580606 
32 21 0.868637 -0.495449 
32 22 0.919411 -0.393298 
32 23 0.961655 -0.274261 
32 24 0.989984 -0.141179 
32 25 1.000000 -0.000000 
32 26 0.989984 0.141179 
32 27 0.961655 0.274261 
32 28 0.919411 0.393298 
32 29 0.868637 0.495449 
32 30 0.814185 0.580606 
32 31 0.759610 0.650378 
32 32 0.707107 0.707107 
32 33 0.657772 0.753217 
32 34 0.611953 0.790894 
32 35 0.569529 0.821971 
32 36 0.530108 0.847930 
32 37 0.493163 0.869937 
32 38 0.458089 0.888906 
32 39 0.424271 0.905535 
32 40 0.391076 0.920358 
32 41 0.357914 0.933755 
32 42 0.324203 0.945987 
32 43 0.289454 0.957192 
32 44 0.253225 0.967407 
32 45 0.215235 0.976562 
32 46 0.175311 0.984513 
32 47 0.133510 0.991047 
32 48 0.090045 0.995938 
32 49 0.045353 0.998971 
32 50 0.000000 0.000000 
33 0 0.000000 0.000000 
33 1 0.051695 -0.998663 
33 2 0.102565 -0.994726 
33 3 0.151879 -0.988399 
33 4 0.199119 -0.979975 
33 5 0.243967 -0.969784 
33 6 0.286388 -0.958114 
33 7 0.326516 -0.945192 
33 8 0.364702 -0.931124 
33 9 0.401380 -0.915912 
33 10 0.437105 -0.899410 
33 11 0.472440 -0.881363 
33 12 0.507992 -0.861362 
33 13 0.544334 -0.838868 
33 14 0.582016 -0.813177 
33 15 0.621505 -0.783410 
33 16 0.663152 -0.748485 
33 17 0.707107 -0.707107 
33 18 0.753217 -0.657772 
33 19 0.800873 -0.598834 
33 20 0.848838 -0.528653 
33 21 0.895084 -0.445897 
33 22 0.936749 -0.350002 
33 23 0.970344 -0.241728 
33 24 0.992330 -0.123614 
33 25 1.000000 -0.000000 
33 26 0.992330 0.123614 
33 27 0.970344 0.241728 
33 28 0.936749 0.350002 
33 29 0.895084 0.445897 
33 30 0.848838 0.528653 
33 31 0.800873 0.598834 
33 32 0.753217 0.657772 
33 33 0.707107 0.707107 
33 34 0.663152 0.748485 
33 35 0.621505 0.783410 
33 36 0.582016 0.813177 
33 37 0.544334 0.838868 
33 38 0.507992 0.861362 
33 39 0.472440 0.881363 
33 40 0.437105 0.899410 
33 41 0.401380 0.915912 
33 42 0.364702 0.931124 
33 43 0.326516 0.945192 
33 44 0.286388 0.958114 
33 45 0.243967 0.969784 
33 46 0.199119 0.979975 
33 47 0.151879 0.988399 
33 48 0.102565 0.994726 
33 49 0.051695 0.998663 
33 50 0.000000 0.000000 
34 0 0.000000 0.000000 
34 1 0.058091 -0.998311 
34 2 0.115146 -0.993349 
34 3 0.170278 -0.985396 
34 4 0.222810 -0.974862 
34 5 0.272392 -0.962186 
34 6 0.318919 -0.947782 
34 7 0.362585 -0.931951 
34 8 0.403729 -0.914879 
34 9 0.442865 -0.896588 
34 10 0.480543 -0.876971 
34 11 0.517372 -0.855760 
34 12 0.553928 -0.832565 
34 13 0.590764 -0.806844 
34 14 0.628351 -0.777930 
34 15 0.667061 -0.745003 
34 16 0.707107 -0.707107 
34 17 0.748485 -0.663152 
34 18 0.790894 -0.611953 
34 19 0.833634 -0.552317 
34 20 0.875518 -0.483185 
34 21 0.914816 -0.403872 
34 22 0.949305 -0.314358 
34 23 0.976480 -0.215607 
34 24 0.993960 -0.109747 
34 25 1.000000 -0.000000 
34 26 0.993960 0.109747 
34 27 0.976480 0.215607 
34 28 0.949305 0.314358 
34 29 0.914816 0.403872 
34 30 0.875518 0.483185 
34 31 0.833634 0.552317 
34 32 0.790894 0.611953 
34 33 0.748485 0.663152 
34 34 0.707107 0.707107 
34 35 0.667061 0.745003 
34 36 0.628351 0.777930 
34 37 0.590764 0.806844 
34 38 0.553928 0.832565 
34 39 0.517372 0.855760 
34 40 0.480543 0.876971 
34 41 0.442865 0.896588 
34 42 0.403729 0.914879 
34 43 0.362585 0.931951 
34 44 0.318919 0.947782 
34 45 0.272392 0.962186 
34 46 0.222810 0.974862 
34 47 0.170278 0.985396 
34 48 0.115146 0.993349 
34 49 0.058091 0.998311 
34 50 0.000000 0.000000 
35 0 0.000000 0.000000 
35 1 0.064608 -0.997911 
35 2 0.127940 -0.991782 
35 3 0.188877 -0.982001 
35 4 0.246628 -0.969110 
35 5 0.300721 -0.953712 
35 6 0.351083 -0.936344 
35 7 0.397881 -0.917437 
35 8 0.441549 -0.897237 
35 9 0.482608 -0.875837 
35 10 0.521686 -0.853138 
35 11 0.559388 -0.828906 
35 12 0.596312 -0.802753 
35 13 0.632975 -0.774172 
35 14 0.669808 -0.742534 
35 15 0.707107 -0.707107 
35 16 0.745003 -0.667061 
35 17 0.783410 -0.621505 
35 18 0.821971 -0.569529 
35 19 0.860004 -0.510286 
35 20 0.896459 -0.443127 
35 21 0.929925 -0.367750 
35 22 0.958703 -0.284408 
35 23 0.980990 -0.194059 
35 24 0.995142 -0.098447 
35 25 1.000000 -0.000000 
35 26 0.995142 0.098447 
35 27 0.980990 0.194059 
35 28 0.958703 0.284408 
35 29 0.929925 0.367750 
35 30 0.896459 0.443127 
35 31 0.860004 0.510286 
35 32 0.821971 0.569529 
35 33 0.783410 0.621505 
35 34 0.745003 0.667061 
35 35 0.707107 0.707107 
35 36 0.669808 0.742534 
35 37 0.632975 0.774172 
35 38 0.596312 0.802753 
35 39 0.559388 0.828906 
35 40 0.521686 0.853138 
35 41 0.482608 0.875837 
35 42 0.441549 0.897237 
35 43 0.397881 0.917437 
35 44 0.351083 0.936344 
35 45 0.300721 0.953712 
35 46 0.246628 0.969110 
35 47 0.188877 0.982001 
35 48 0.127940 0.991782 
35 49 0.064608 0.997911 
35 50 0.000000 0.000000 
36 0 0.000000 0.000000 
36 1 0.071356 -0.997451 
36 2 0.141124 -0.989992 
36 3 0.207955 -0.978138 
36 4 0.270850 -0.962621 
36 5 0.329304 -0.944224 
36 6 0.383184 -0.923672 
36 7 0.432755 -0.901511 
36 8 0.478470 -0.878104 
36 9 0.520964 -0.853579 
36 10 0.560885 -0.827893 
36 11 0.598907 -0.800819 
36 12 0.635623 -0.772000 
36 13 0.671557 -0.740953 
36 14 0.707107 -0.707107 
36 15 0.742534 -0.669808 
36 16 0.777930 -0.628351 
36 17 0.813177 -0.582016 
36 18 0.847930 -0.530108 
36 19 0.881576 -0.472042 
36 20 0.913238 -0.407427 
36 21 0.941792 -0.336195 
36 22 0.965958 -0.258700 
36 23 0.984422 -0.175823 
36 24 0.996034 -0.088970 
36 25 1.000000 -0.000000 
36 26 0.996034 0.088970 
36 27 0.984422 0.175823 
36 28 0.965958 0.258700 
36 29 0.941792 0.336195 
36 30 0.913238 0.407427 
36 31 0.881576 0.472042 
36 32 0.847930 0.530108 
36 33 0.813177 0.582016 
36 34 0.777930 0.628351 
36 35 0.742534 0.669808 
36 36 0.707107 0.707107 
36 37 0.671557 0.740953 
36 38 0.635623 0.772000 
36 39 0.598907 0.800819 
36 40 0.560885 0.827893 
36 41 0.520964 0.853579 
36 42 0.478470 0.878104 
36 43 0.432755 0.901511 
36 44 0.383184 0.923672 
36 45 0.329304 0.944224 
36 46 0.270850 0.962621 
36 47 0.207955 0.978138 
36 48 0.141124 0.989992 
36 49 0.071356 0.997451 
36 50 0.000000 0.000000 
37 0 0.000000 0.000000 
37 1 0.078465 -0.996917 
37 2 0.154971 -0.987919 
37 3 0.227834 -0.973700 
37 4 0.295898 -0.955220 
37 5 0.358529 -0.933519 
37 6 0.415665 -0.909518 
37 7 0.467595 -0.883943 
37 8 0.514917 -0.857240 
37 9 0.558323 -0.829624 
37 10 0.598576 -0.801066 
37 11 0.636381 -0.771375 
37 12 0.672383 -0.740204 
37 13 0.707107 -0.707107 
37 14 0.740953 -0.671557 
37 15 0.774172 -0.632975 
37 16 0.806844 -0.590764 
37 17 0.838868 -0.544334 
37 18 0.869937 -0.493163 
37 19 0.899542 -0.436835 
37 20 0.926969 -0.375137 
37 21 0.951351 -0.308110 
37 22 0.971718 -0.236144 
37 23 0.987118 -0.159995 
37 24 0.996730 -0.080802 
37 25 1.000000 -0.000000 
37 26 0.996730 0.080802 
37 27 0.987118 0.159995 
37 28 0.971718 0.236144 
37 29 0.951351 0.308110 
37 30 0.926969 0.375137 
37 31 0.899542 0.436835 
37 32 0.869937 0.493163 
37 33 0.838868 0.544334 
37 34 0.806844 0.590764 
37 35 0.774172 0.632975 
37 36 0.740953 0.671557 
37 37 0.707107 0.707107 
37 38 0.672383 0.740204 
37 39 0.636381 0.771375 
37 40 0.598576 0.801066 
37 41 0.558323 0.829624 
37 42 0.514917 0.857240 
37 43 0.467595 0.883943 
37 44 0.415665 0.909518 
37 45 0.358529 0.933519 
37 46 0.295898 0.955220 
37 47 0.227834 0.973700 
37 48 0.154971 0.987919 
37 49 0.078465 0.996917 
37 50 0.000000 0.000000 
38 0 0.000000 0.000000 
38 1 0.086130 -0.996284 
38 2 0.169809 -0.985477 
38 3 0.248992 -0.968506 
38 4 0.322256 -0.946652 
38 5 0.388950 -0.921259 
38 6 0.449015 -0.893524 
38 7 0.502910 -0.864339 
38 8 0.551335 -0.834284 
38 9 0.595152 -0.803613 
38 10 0.635203 -0.772345 
38 11 0.672294 -0.740285 
38 12 0.707107 -0.707107 
38 13 0.740204 -0.672383 
38 14 0.772000 -0.635623 
38 15 0.802753 -0.596312 
38 16 0.832565 -0.553928 
38 17 0.861362 -0.507992 
38 18 0.888906 -0.458089 
38 19 0.914787 -0.403935 
38 20 0.938454 -0.345403 
38 21 0.959237 -0.282602 
38 22 0.976418 -0.215887 
38 23 0.989298 -0.145908 
38 24 0.997290 -0.073572 
38 25 1.000000 -0.000000 
38 26 0.997290 0.073572 
38 27 0.989298 0.145908 
38 28 0.976418 0.215887 
38 29 0.959237 0.282602 
38 30 0.938454 0.345403 
38 31 0.914787 0.403935 
38 32 0.888906 0.458089 
38 33 0.861362 0.507992 
38 34 0.832565 0.553928 
38 35 0.802753 0.596312 
38 36 0.772000 0.635623 
38 37 0.740204 0.672383 
38 38 0.707107 0.707107 
38 39 0.672294 0.740285 
38 40 0.635203 0.772345 
38 41 0.595152 0.803613 
38 42 0.551335 0.834284 
38 43 0.502910 0.864339 
38 44 0.449015 0.893524 
38 45 0.388950 0.921259 
38 46 0.322256 0.946652 
38 47 0.248992 0.968506 
38 48 0.169809 0.985477 
38 49 0.086130 0.996284 
38 50 0.000000 0.000000 
39 0 0.000000 0.000000 
39 1 0.094598 -0.995516 
39 2 0.186118 -0.982527 
39 3 0.272001 -0.962297 
39 4 0.350605 -0.936524 
39 5 0.421192 -0.906972 
39 6 0.483868 -0.875141 
39 7 0.539242 -0.842151 
39 8 0.588254 -0.808676 
39 9 0.631917 -0.775036 
39 10 0.671237 -0.741243 
39 11 0.707107 -0.707107 
39 12 0.740285 -0.672294 
39 13 0.771375 -0.636381 
39 14 0.800819 -0.598907 
39 15 0.828906 -0.559388 
39 16 0.855760 -0.517372 
39 17 0.881363 -0.472440 
39 18 0.905535 -0.424271 
39 19 0.927977 -0.372637 
39 20 0.948264 -0.317483 
39 21 0.965900 -0.258915 
39 22 0.980351 -0.197260 
39 23 0.991110 -0.133046 
39 24 0.997753 -0.067002 
39 25 1.000000 -0.000000 
39 26 0.997753 0.067002 
39 27 0.991110 0.133046 
39 28 0.980351 0.197260 
39 29 0.965900 0.258915 
39 30 0.948264 0.317483 
39 31 0.927977 0.372637 
39 32 0.905535 0.424271 
39 33 0.881363 0.472440 
39 34 0.855760 0.517372 
39 35 0.828906 0.559388 
39 36 0.800819 0.598907 
39 37 0.771375 0.636381 
39 38 0.740285 0.672294 
39 39 0.707107 0.707107 
39 40 0.671237 0.741243 
39 41 0.631917 0.775036 
39 42 0.588254 0.808676 
39 43 0.539242 0.842151 
39 44 0.483868 0.875141 
39 45 0.421192 0.906972 
39 46 0.350605 0.936524 
39 47 0.272001 0.962297 
39 48 0.186118 0.982527 
39 49 0.094598 0.995516 
39 50 0.000000 0.000000 
40 0 0.000000 0.000000 
40 1 0.104231 -0.994553 
40 2 0.204511 -0.978864 
40 3 0.297674 -0.954667 
40 4 0.381751 -0.924265 
40 5 0.456071 -0.889944 
40 6 0.520913 -0.853610 
40 7 0.577222 -0.816587 
40 8 0.626192 -0.779669 
40 9 0.669097 -0.743175 
40 10 0.707107 -0.707107 
40 11 0.741243 -0.671237 
40 12 0.772345 -0.635203 
40 13 0.801066 -0.598576 
40 14 0.827893 -0.560885 
40 15 0.853138 -0.521686 
40 16 0.876971 -0.480543 
40 17 0.899410 -0.437105 
40 18 0.920358 -0.391076 
40 19 0.939592 -0.342296 
40 20 0.956812 -0.290706 
40 21 0.971650 -0.236426 
40 22 0.983719 -0.179713 
40 23 0.992652 -0.121006 
40 24 0.998146 -0.060873 
40 25 1.000000 -0.000000 
40 26 0.998146 0.060873 
40 27 0.992652 0.121006 
40 28 0.983719 0.179713 
40 29 0.971650 0.236426 
40 30 0.956812 0.290706 
40 31 0.939592 0.342296 
40 32 0.920358 0.391076 
40 33 0.899410 0.437105 
40 34 0.876971 0.480543 
40 35 0.853138 0.521686 
40 36 0.827893 0.560885 
40 37 0.801066 0.598576 
40 38 0.772345 0.635203 
40 39 0.741243 0.671237 
40 40 0.707107 0.707107 
40 41 0.669097 0.743175 
40 42 0.626192 0.779669 
40 43 0.577222 0.816587 
40 44 0.520913 0.853610 
40 45 0.456071 0.889944 
40 46 0.381751 0.924265 
40 47 0.297674 0.954667 
40 48 0.204511 0.978864 
40 49 0.104231 0.994553 
40 50 0.000000 0.000000 
41 0 0.000000 0.000000 
41 1 0.115520 -0.993305 
41 2 0.225878 -0.974156 
41 3 0.327046 -0.945008 
41 4 0.416782 -0.909007 
41 5 0.494519 -0.869167 
41 6 0.560966 -0.827839 
41 7 0.617477 -0.786589 
41 8 0.665671 -0.746245 
41 9 0.707107 -0.707107 
41 10 0.743175 -0.669097 
41 11 0.775036 -0.631917 
41 12 0.803613 -0.595152 
41 13 0.829624 -0.558323 
41 14 0.853579 -0.520964 
41 15 0.875837 -0.482608 
41 16 0.896588 -0.442865 
41 17 0.915912 -0.401380 
41 18 0.933755 -0.357914 
41 19 0.949985 -0.312294 
41 20 0.964387 -0.264496 
41 21 0.976705 -0.214589 
41 22 0.986659 -0.162799 
41 23 0.993992 -0.109456 
41 24 0.998486 -0.055015 
41 25 1.000000 -0.000000 
41 26 0.998486 0.055015 
41 27 0.993992 0.109456 
41 28 0.986659 0.162799 
41 29 0.976705 0.214589 
41 30 0.964387 0.264496 
41 31 0.949985 0.312294 
41 32 0.933755 0.357914 
41 33 0.915912 0.401380 
41 34 0.896588 0.442865 
41 35 0.875837 0.482608 
41 36 0.853579 0.520964 
41 37 0.829624 0.558323 
41 38 0.803613 0.595152 
41 39 0.775036 0.631917 
41 40 0.743175 0.669097 
41 41 0.707107 0.707107 
41 42 0.665671 0.746245 
41 43 0.617477 0.786589 
41 44 0.560966 0.827839 
41 45 0.494519 0.869167 
41 46 0.416782 0.909007 
41 47 0.327046 0.945008 
41 48 0.225878 0.974156 
41 49 0.115520 0.993305 
41 50 0.000000 0.000000 
42 0 0.000000 0.000000 
42 1 0.129210 -0.991617 
42 2 0.251450 -0.967870 
42 3 0.361567 -0.932346 
42 4 0.457022 -0.889456 
42 5 0.537670 -0.843155 
42 6 0.604855 -0.796335 
42 7 0.660624 -0.750717 
42 8 0.707107 -0.707107 
42 9 0.746245 -0.665671 
42 10 0.779669 -0.626192 
42 11 0.808676 -0.588254 
42 12 0.834284 -0.551335 
42 13 0.857240 -0.514917 
42 14 0.878104 -0.478470 
42 15 0.897237 -0.441549 
42 16 0.914879 -0.403729 
42 17 0.931124 -0.364702 
42 18 0.945987 -0.324203 
42 19 0.959384 -0.282102 
42 20 0.971184 -0.238329 
42 21 0.981207 -0.192958 
42 22 0.989265 -0.146136 
42 23 0.995173 -0.098133 
42 24 0.998785 -0.049284 
42 25 1.000000 -0.000000 
42 26 0.998785 0.049284 
42 27 0.995173 0.098133 
42 28 0.989265 0.146136 
42 29 0.981207 0.192958 
42 30 0.971184 0.238329 
42 31 0.959384 0.282102 
42 32 0.945987 0.324203 
42 33 0.931124 0.364702 
42 34 0.914879 0.403729 
42 35 0.897237 0.441549 
42 36 0.878104 0.478470 
42 37 0.857240 0.514917 
42 38 0.834284 0.551335 
42 39 0.808676 0.588254 
42 40 0.779669 0.626192 
42 41 0.746245 0.665671 
42 42 0.707107 0.707107 
42 43 0.660624 0.750717 
42 44 0.604855 0.796335 
42 45 0.537670 0.843155 
42 46 0.457022 0.889456 
42 47 0.361567 0.932346 
42 48 0.251450 0.967870 
42 49 0.129210 0.991617 
42 50 0.000000 0.000000 
43 0 0.000000 0.000000 
43 1 0.146425 -0.989222 
43 2 0.283071 -0.959099 
43 3 0.403183 -0.915119 
43 4 0.504174 -0.863602 
43 5 0.586744 -0.809772 
43 6 0.653390 -0.757021 
43 7 0.707107 -0.707107 
43 8 0.750717 -0.660624 
43 9 0.786589 -0.617477 
43 10 0.816587 -0.577222 
43 11 0.842151 -0.539242 
43 12 0.864339 -0.502910 
43 13 0.883943 -0.467595 
43 14 0.901511 -0.432755 
43 15 0.917437 -0.397881 
43 16 0.931951 -0.362585 
43 17 0.945192 -0.326516 
43 18 0.957192 -0.289454 
43 19 0.967929 -0.251225 
43 20 0.977316 -0.211785 
43 21 0.985246 -0.171143 
43 22 0.991589 -0.129426 
43 23 0.996225 -0.086814 
43 24 0.999050 -0.043572 
43 25 1.000000 -0.000000 
43 26 0.999050 0.043572 
43 27 0.996225 0.086814 
43 28 0.991589 0.129426 
43 29 0.985246 0.171143 
43 30 0.977316 0.211785 
43 31 0.967929 0.251225 
43 32 0.957192 0.289454 
43 33 0.945192 0.326516 
43 34 0.931951 0.362585 
43 35 0.917437 0.397881 
43 36 0.901511 0.432755 
43 37 0.883943 0.467595 
43 38 0.864339 0.502910 
43 39 0.842151 0.539242 
43 40 0.816587 0.577222 
43 41 0.786589 0.617477 
43 42 0.750717 0.660624 
43 43 0.707107 0.707107 
43 44 0.653390 0.757021 
43 45 0.586744 0.809772 
43 46 0.504174 0.863602 
43 47 0.403183 0.915119 
43 48 0.283071 0.959099 
43 49 0.146425 0.989222 
43 50 0.000000 0.000000 
44 0 0.000000 0.000000 
44 1 0.169002 -0.985616 
44 2 0.323513 -0.946224 
44 3 0.454613 -0.890689 
44 4 0.560240 -0.828330 
44 5 0.642961 -0.765899 
44 6 0.707107 -0.707107 
44 7 0.757021 -0.653390 
44 8 0.796335 -0.604855 
44 9 0.827839 -0.560966 
44 10 0.853610 -0.520913 
44 11 0.875141 -0.483868 
44 12 0.893524 -0.449015 
44 13 0.909518 -0.415665 
44 14 0.923672 -0.383184 
44 15 0.936344 -0.351083 
44 16 0.947782 -0.318919 
44 17 0.958114 -0.286388 
44 18 0.967407 -0.253225 
44 19 0.975659 -0.219295 
44 20 0.982833 -0.184499 
44 21 0.988859 -0.148855 
44 22 0.993661 -0.112419 
44 23 0.997158 -0.075338 
44 24 0.999286 -0.037789 
44 25 1.000000 0.000000 
44 26 0.999286 0.037789 
44 27 0.997158 0.075338 
44 28 0.993661 0.112419 
44 29 0.988859 0.148855 
44 30 0.982833 0.184499 
44 31 0.975659 0.219295 
44 32 0.967407 0.253225 
44 33 0.958114 0.286388 
44 34 0.947782 0.318919 
44 35 0.936344 0.351083 
44 36 0.923672 0.383184 
44 37 0.909518 0.415665 
44 38 0.893524 0.449015 
44 39 0.875141 0.483868 
44 40 0.853610 0.520913 
44 41 0.827839 0.560966 
44 42 0.796335 0.604855 
44 43 0.757021 0.653390 
44 44 0.707107 0.707107 
44 45 0.642961 0.765899 
44 46 0.560240 0.828330 
44 47 0.454613 0.890689 
44 48 0.323513 0.946224 
44 49 0.169002 0.985616 
44 50 0.000000 0.000000 
45 0 0.000000 0.000000 
45 1 0.200105 -0.979774 
45 2 0.377171 -0.926144 
45 3 0.519495 -0.854473 
45 4 0.627380 -0.778713 
45 5 0.707107 -0.707107 
45 6 0.765899 -0.642961 
45 7 0.809772 -0.586744 
45 8 0.843155 -0.537670 
45 9 0.869167 -0.494519 
45 10 0.889944 -0.456071 
45 11 0.906972 -0.421192 
45 12 0.921259 -0.388950 
45 13 0.933519 -0.358529 
45 14 0.944224 -0.329304 
45 15 0.953712 -0.300721 
45 16 0.962186 -0.272392 
45 17 0.969784 -0.243967 
45 18 0.976562 -0.215235 
45 19 0.982547 -0.186014 
45 20 0.987719 -0.156238 
45 21 0.992047 -0.125867 
45 22 0.995481 -0.094956 
45 23 0.997977 -0.063580 
45 24 0.999492 -0.031877 
45 25 1.000000 -0.000000 
45 26 0.999492 0.031877 
45 27 0.997977 0.063580 
45 28 0.995481 0.094956 
45 29 0.992047 0.125867 
45 30 0.987719 0.156238 
45 31 0.982547 0.186014 
45 32 0.976562 0.215235 
45 33 0.969784 0.243967 
45 34 0.962186 0.272392 
45 35 0.953712 0.300721 
45 36 0.944224 0.329304 
45 37 0.933519 0.358529 
45 38 0.921259 0.388950 
45 39 0.906972 0.421192 
45 40 0.889944 0.456071 
45 41 0.869167 0.494519 
45 42 0.843155 0.537670 
45 43 0.809772 0.586744 
45 44 0.765899 0.642961 
45 45 0.707107 0.707107 
45 46 0.627380 0.778713 
45 47 0.519495 0.854473 
45 48 0.377171 0.926144 
45 49 0.200105 0.979774 
45 50 0.000000 0.000000 
46 0 0.000000 0.000000 
46 1 0.245722 -0.969340 
46 2 0.451116 -0.892466 
46 3 0.602357 -0.798227 
46 4 0.707107 -0.707107 
46 5 0.778713 -0.627380 
46 6 0.828330 -0.560240 
46 7 0.863602 -0.504174 
46 8 0.889456 -0.457022 
46 9 0.909007 -0.416782 
46 10 0.924265 -0.381751 
46 11 0.936524 -0.350605 
46 12 0.946652 -0.322256 
46 13 0.955220 -0.295898 
46 14 0.962621 -0.270850 
46 15 0.969110 -0.246628 
46 16 0.974862 -0.222810 
46 17 0.979975 -0.199119 
46 18 0.984513 -0.175311 
46 19 0.988494 -0.151259 
46 20 0.991922 -0.126853 
46 21 0.994777 -0.102077 
46 22 0.997036 -0.076930 
46 23 0.998674 -0.051478 
46 24 0.999667 -0.025797 
46 25 1.000000 0.000000 
46 26 0.999667 0.025797 
46 27 0.998674 0.051478 
46 28 0.997036 0.076930 
46 29 0.994777 0.102077 
46 30 0.991922 0.126853 
46 31 0.988494 0.151259 
46 32 0.984513 0.175311 
46 33 0.979975 0.199119 
46 34 0.974862 0.222810 
46 35 0.969110 0.246628 
46 36 0.962621 0.270850 
46 37 0.955220 0.295898 
46 38 0.946652 0.322256 
46 39 0.936524 0.350605 
46 40 0.924265 0.381751 
46 41 0.909007 0.416782 
46 42 0.889456 0.457022 
46 43 0.863602 0.504174 
46 44 0.828330 0.560240 
46 45 0.778713 0.627380 
46 46 0.707107 0.707107 
46 47 0.602357 0.798227 
46 48 0.451116 0.892466 
46 49 0.245722 0.969340 
46 50 0.000000 0.000000 
47 0 0.000000 0.000000 
47 1 0.318434 -0.947945 
47 2 0.556522 -0.830833 
47 3 0.707107 -0.707107 
47 4 0.798227 -0.602357 
47 5 0.854473 -0.519495 
47 6 0.890689 -0.454613 
47 7 0.915119 -0.403183 
47 8 0.932346 -0.361567 
47 9 0.945008 -0.327046 
47 10 0.954667 -0.297674 
47 11 0.962297 -0.272001 
47 12 0.968506 -0.248992 
47 13 0.973700 -0.227834 
47 14 0.978138 -0.207955 
47 15 0.982001 -0.188877 
47 16 0.985396 -0.170278 
47 17 0.988399 -0.151879 
47 18 0.991047 -0.133510 
47 19 0.993363 -0.115024 
47 20 0.995347 -0.096356 
47 21 0.996996 -0.077456 
47 22 0.998297 -0.058334 
47 23 0.999239 -0.039010 
47 24 0.999809 -0.019544 
47 25 1.000000 -0.000000 
47 26 0.999809 0.019544 
47 27 0.999239 0.039010 
47 28 0.998297 0.058334 
47 29 0.996996 0.077456 
47 30 0.995347 0.096356 
47 31 0.993363 0.115024 
47 32 0.991047 0.133510 
47 33 0.988399 0.151879 
47 34 0.985396 0.170278 
47 35 0.982001 0.188877 
47 36 0.978138 0.207955 
47 37 0.973700 0.227834 
47 38 0.968506 0.248992 
47 39 0.962297 0.272001 
47 40 0.954667 0.297674 
47 41 0.945008 0.327046 
47 42 0.932346 0.361567 
47 43 0.915119 0.403183 
47 44 0.890689 0.454613 
47 45 0.854473 0.519495 
47 46 0.798227 0.602357 
47 47 0.707107 0.707107 
47 48 0.556522 0.830833 
47 49 0.318434 0.947945 
47 50 0.000000 0.000000 
48 0 0.000000 0.000000 
48 1 0.448284 -0.893891 
48 2 0.707107 -0.707107 
48 3 0.830833 -0.556522 
48 4 0.892466 -0.451116 
48 5 0.926144 -0.377171 
48 6 0.946224 -0.323513 
48 7 0.959099 -0.283071 
48 8 0.967870 -0.251450 
48 9 0.974156 -0.225878 
48 10 0.978864 -0.204511 
48 11 0.982527 -0.186118 
48 12 0.985477 -0.169809 
48 13 0.987919 -0.154971 
48 14 0.989992 -0.141124 
48 15 0.991782 -0.127940 
48 16 0.993349 -0.115146 
48 17 0.994726 -0.102565 
48 18 0.995938 -0.090045 
48 19 0.996992 -0.077501 
48 20 0.997894 -0.064861 
48 21 0.998642 -0.052105 
48 22 0.999231 -0.039216 
48 23 0.999656 -0.026217 
48 24 0.999914 -0.013130 
48 25 1.000000 -0.000000 
48 26 0.999914 0.013130 
48 27 0.999656 0.026217 
48 28 0.999231 0.039216 
48 29 0.998642 0.052105 
48 30 0.997894 0.064861 
48 31 0.996992 0.077501 
48 32 0.995938 0.090045 
48 33 0.994726 0.102565 
48 34 0.993349 0.115146 
48 35 0.991782 0.127940 
48 36 0.989992 0.141124 
48 37 0.987919 0.154971 
48 38 0.985477 0.169809 
48 39 0.982527 0.186118 
48 40 0.978864 0.204511 
48 41 0.974156 0.225878 
48 42 0.967870 0.251450 
48 43 0.959099 0.283071 
48 44 0.946224 0.323513 
48 45 0.926144 0.377171 
48 46 0.892466 0.451116 
48 47 0.830833 0.556522 
48 48 0.707107 0.707107 
48 49 0.448284 0.893891 
48 50 0.000000 0.000000 
49 0 0.000000 0.000000 
49 1 0.707107 -0.707107 
49 2 0.893891 -0.448284 
49 3 0.947945 -0.318434 
49 4 0.969340 -0.245722 
49 5 0.979774 -0.200105 
49 6 0.985616 -0.169002 
49 7 0.989222 -0.146425 
49 8 0.991617 -0.129210 
49 9 0.993305 -0.115520 
49 10 0.994553 -0.104231 
49 11 0.995516 -0.094598 
49 12 0.996284 -0.086130 
49 13 0.996917 -0.078465 
49 14 0.997451 -0.071356 
49 15 0.997911 -0.064608 
49 16 0.998311 -0.058091 
49 17 0.998663 -0.051695 
49 18 0.998971 -0.045353 
49 19 0.999239 -0.039007 
49 20 0.999467 -0.032630 
49 21 0.999657 -0.026199 
49 22 0.999806 -0.019713 
49 23 0.999913 -0.013174 
49 24 0.999978 -0.006598 
49 25 1.000000 -0.000000 
49 26 0.999978 0.006598 
49 27 0.999913 0.013174 
49 28 0.999806 0.019713 
49 29 0.999657 0.026199 
49 30 0.999467 0.032630 
49 31 0.999239 0.039007 
49 32 0.998971 0.045353 
49 33 0.998663 0.051695 
49 34 0.998311 0.058091 
49 35 0.997911 0.064608 
49 36 0.997451 0.071356 
49 37 0.996917 0.078465 
49 38 0.996284 0.086130 
49 39 0.995516 0.094598 
49 40 0.994553 0.104231 
49 41 0.993305 0.115520 
49 42 0.991617 0.129210 
49 43 0.989222 0.146425 
49 44 0.985616 0.169002 
49 45 0.979774 0.200105 
49 46 0.969340 0.245722 
49 47 0.947945 0.318434 
49 48 0.893891 0.448284 
49 49 0.707107 0.707107 
49 50 0.000000 0.000000 
50 0 0.000000 0.000000 
50 1 0.000000 0.000000 
50 2 0.000000 0.000000 
50 3 0.000000 0.000000 
50 4 0.000000 0.000000 
50 5 0.000000 0.000000 
50 6 0.000000 0.000000 
50 7 0.000000 0.000000 
50 8 0.000000 0.000000 
50 9 0.000000 0.000000 
50 10 0.000000 0.000000 
50 11 0.000000 0.000000 
50 12 0.000000 0.000000 
50 13 0.000000 0.000000 
50 14 0.000000 0.000000 
50 15 0.000000 0.000000 
50 16 0.000000 0.000000 
50 17 0.000000 0.000000 
50 18 0.000000 0.000000 
50 19 0.000000 0.000000 
50 20 0.000000 0.000000 
50 21 0.000000 0.000000 
50 22 0.000000 0.000000 
50 23 0.000000 0.000000 
50 24 0.000000 0.000000 
50 25 0.000000 0.000000 
50 26 0.000000 0.000000 
50 27 0.000000 0.000000 
50 28 0.000000 0.000000 
50 29 0.000000 0.000000 
50 30 0.000000 0.000000 
50 31 0.000000 0.000000 
50 32 0.000000 0.000000 
50 33 0.000000 0.000000 
50 34 0.000000 0.000000 
50 35 0.000000 0.000000 
50 36 0.000000 0.000000 
50 37 0.000000 0.000000 
50 38 0.000000 0.000000 
50 39 0.000000 0.000000 
50 40 0.000000 0.000000 
50 41 0.000000 0.000000 
50 42 0.000000 0.000000 
50 43 0.000000 0.000000 
50 44 0.000000 0.000000 
50 45 0.000000 0.000000 
50 46 0.000000 0.000000 
50 47 0.000000 0.000000 
50 48 0.000000 0.000000 
50 49 0.000000 0.000000 
50 50 0.000000 0.000000 
