-0.010935 
-0.010935 
-0.010935 
-0.010935 
-0.010934 
-0.010934 
-0.010934 
-0.010934 
-0.010934 
-0.010934 
-0.010934 
-0.010934 
-0.010934 
-0.010934 
-0.010934 
-0.010934 
-0.010934 
-0.010934 
-0.010934 
-0.010934 
-0.010934 
-0.010934 
-0.010934 
-0.010934 
-0.010934 
-0.010934 
-0.010934 
-0.010934 
-0.010934 
-0.010934 
-0.010934 
-0.010934 
-0.010934 
-0.010934 
-0.010934 
-0.010934 
-0.010934 
-0.010934 
-0.010934 
-0.010935 
-0.010935 
-0.010935 
-0.010935 
-0.010935 
-0.010935 
-0.010935 
-0.010935 
-0.010935 
-0.010935 
-0.010935 
-0.010935 
-0.010935 
-0.010935 
-0.010935 
-0.010935 
-0.010935 
-0.010935 
-0.010935 
-0.010935 
-0.010935 
-0.010935 
-0.010935 
-0.010935 
-0.010935 
-0.010935 
-0.010935 
-0.010935 
-0.010935 
-0.010935 
-0.010935 
-0.010935 
-0.010935 
-0.010935 
-0.010935 
-0.010935 
-0.010935 
-0.010935 
-0.010935 
-0.010935 
-0.010935 
-0.010935 
-0.010935 
-0.010935 
-0.010935 
-0.010935 
-0.010935 
-0.010935 
-0.010935 
-0.010935 
-0.010935 
-0.010935 
-0.010935 
-0.010935 
-0.010935 
-0.010935 
-0.010935 
-0.010935 
-0.010935 
-0.010935 
-0.010935 
-0.010935 
-0.010935 
-0.010935 
-0.010935 
-0.010935 
-0.010935 
-0.010935 
-0.010935 
-0.010935 
-0.010935 
-0.010935 
-0.010935 
-0.010935 
-0.010935 
-0.010935 
-0.010935 
-0.010935 
-0.010935 
-0.010935 
-0.010935 
-0.010935 
-0.010935 
-0.010935 
-0.010935 
-0.010935 
-0.010935 
-0.010935 
-0.010935 
-0.010935 
-0.010935 
-0.010935 
-0.010935 
-0.010935 
-0.010935 
-0.010935 
-0.010935 
-0.010935 
-0.010935 
-0.010935 
-0.010935 
-0.010935 
-0.010935 
-0.010935 
-0.010935 
-0.010935 
-0.010935 
-0.010935 
-0.010935 
-0.010935 
-0.010935 
-0.010935 
-0.010935 
-0.010935 
-0.010935 
-0.010935 
-0.010935 
-0.010935 
-0.010935 
-0.010935 
-0.010935 
-0.010935 
-0.010935 
-0.010935 
-0.010935 
-0.010935 
-0.010935 
-0.010935 
-0.010935 
-0.010935 
-0.010935 
-0.010935 
-0.010935 
-0.010935 
-0.010935 
-0.010935 
-0.010935 
-0.010935 
-0.010935 
-0.010935 
-0.010935 
-0.010935 
-0.010935 
-0.010935 
-0.010935 
-0.010935 
-0.010935 
-0.010935 
-0.010935 
-0.010935 
-0.010935 
-0.010935 
-0.010935 
-0.010936 
-0.010936 
-0.010936 
-0.010936 
-0.010936 
-0.010936 
-0.010936 
-0.010936 
-0.010936 
-0.010936 
-0.010936 
-0.010936 
-0.010936 
-0.010936 
-0.010936 
-0.010936 
-0.010936 
-0.010936 
-0.010936 
-0.010936 
-0.010936 
-0.010936 
-0.010936 
-0.010937 
-0.010937 
-0.010937 
-0.010937 
-0.010937 
-0.010937 
-0.010937 
-0.010937 
-0.010937 
-0.010937 
-0.010937 
-0.010937 
-0.010938 
-0.010938 
-0.010938 
-0.010938 
-0.010938 
-0.010938 
-0.010938 
-0.010938 
-0.010938 
-0.010939 
-0.010939 
-0.010939 
-0.010939 
-0.010939 
-0.010939 
-0.010940 
-0.010940 
-0.010940 
-0.010940 
-0.010940 
-0.010941 
-0.010941 
-0.010941 
-0.010941 
-0.010942 
-0.010942 
-0.010942 
-0.010942 
-0.010943 
-0.010943 
-0.010943 
-0.010944 
-0.010944 
-0.010945 
-0.010945 
-0.010945 
-0.010946 
-0.010946 
-0.010947 
-0.010947 
-0.010948 
-0.010949 
-0.010949 
-0.010950 
-0.010951 
-0.010952 
-0.010953 
-0.010953 
-0.010954 
-0.010956 
-0.010957 
-0.010958 
-0.010959 
-0.010961 
-0.010962 
-0.010964 
-0.010966 
-0.010968 
-0.010970 
-0.010973 
-0.010976 
-0.010979 
-0.010982 
-0.010986 
-0.010990 
-0.010995 
-0.011001 
-0.011008 
-0.011016 
-0.011025 
-0.011035 
-0.011048 
-0.011063 
-0.011082 
-0.011105 
-0.011135 
-0.011171 
-0.011218 
-0.011278 
-0.011355 
-0.011453 
-0.011575 
-0.011724 
-0.011899 
-0.012097 
-0.012313 
-0.012541 
-0.012776 
-0.013015 
-0.013254 
-0.013493 
-0.013731 
-0.013968 
-0.014202 
-0.014435 
-0.014666 
-0.014896 
-0.015124 
-0.015351 
-0.015577 
-0.015801 
-0.016023 
-0.016243 
-0.016460 
-0.016675 
-0.016887 
-0.017095 
-0.017298 
-0.017498 
-0.017692 
-0.017882 
-0.018066 
-0.018245 
-0.018418 
-0.018584 
-0.018744 
-0.018897 
-0.019043 
-0.019183 
-0.019314 
-0.019439 
-0.019556 
-0.019667 
-0.019770 
-0.019866 
-0.019955 
-0.020038 
-0.020114 
-0.020184 
-0.020249 
-0.020308 
-0.020362 
-0.020411 
-0.020456 
-0.020497 
-0.020534 
-0.020568 
-0.020599 
-0.020626 
-0.020651 
-0.020674 
-0.020695 
-0.020713 
-0.020730 
-0.020745 
-0.020759 
-0.020771 
-0.020783 
-0.020793 
-0.020802 
-0.020810 
-0.020818 
-0.020825 
-0.020831 
-0.020836 
-0.020841 
-0.020846 
-0.020850 
-0.020854 
-0.020857 
-0.020860 
-0.020863 
-0.020866 
-0.020868 
-0.020870 
-0.020872 
-0.020874 
-0.020875 
-0.020877 
-0.020878 
-0.020879 
-0.020880 
-0.020881 
-0.020882 
-0.020883 
-0.020884 
-0.020884 
-0.020885 
-0.020885 
-0.020886 
-0.020886 
-0.020887 
-0.020887 
-0.020887 
-0.020888 
-0.020888 
-0.020888 
-0.020888 
-0.020889 
-0.020889 
-0.020889 
-0.020889 
-0.020889 
-0.020889 
-0.020889 
-0.020890 
-0.020890 
-0.020890 
-0.020890 
-0.020890 
-0.020890 
-0.020890 
-0.020890 
-0.020890 
-0.020890 
-0.020890 
-0.020890 
-0.020890 
-0.020890 
-0.020890 
-0.020890 
-0.020890 
-0.020890 
-0.020890 
-0.020890 
-0.020890 
-0.020890 
-0.020890 
-0.020890 
-0.020890 
-0.020890 
-0.020890 
-0.020890 
-0.020890 
-0.020890 
-0.020890 
-0.020890 
-0.020890 
-0.020890 
-0.020890 
-0.020891 
-0.020891 
-0.020891 
-0.020891 
-0.020891 
-0.020891 
-0.020891 
-0.020891 
-0.020891 
-0.020891 
-0.020891 
-0.020891 
-0.020891 
-0.020891 
-0.020891 
-0.020891 
-0.020891 
-0.020891 
-0.020891 
-0.020891 
-0.020891 
-0.020891 
-0.020891 
-0.020891 
-0.020891 
-0.020891 
-0.020891 
-0.020891 
-0.020891 
-0.020891 
-0.020891 
-0.020891 
-0.020891 
-0.020891 
-0.020891 
-0.020891 
-0.020891 
-0.020891 
-0.020891 
-0.020891 
-0.020891 
-0.020891 
-0.020891 
-0.020891 
-0.020891 
-0.020891 
-0.020891 
-0.020891 
-0.020891 
-0.020891 
-0.020891 
-0.020891 
-0.020891 
-0.020891 
-0.020891 
-0.020891 
-0.020891 
-0.020891 
-0.020891 
-0.020891 
-0.020891 
-0.020891 
-0.020891 
-0.020891 
-0.020891 
-0.020891 
-0.020891 
-0.020891 
-0.020891 
-0.020891 
-0.020891 
-0.020891 
-0.020891 
-0.020891 
-0.020891 
-0.020891 
-0.020891 
-0.020891 
-0.020891 
-0.020891 
-0.020891 
-0.020891 
-0.020891 
-0.020891 
-0.020891 
-0.020891 
-0.020891 
-0.020891 
-0.020891 
-0.020891 
-0.020891 
-0.020891 
-0.020891 
-0.020891 
-0.020891 
-0.020891 
-0.020891 
-0.020891 
-0.020891 
-0.020891 
-0.020891 
-0.020891 
-0.020891 
-0.020891 
-0.020891 
-0.020891 
-0.020891 
-0.020891 
-0.020891 
-0.020891 
-0.020891 
-0.020891 
-0.020891 
-0.020891 
-0.020891 
-0.020891 
-0.020891 
-0.020891 
-0.020891 
-0.020891 
-0.020891 
-0.020891 
-0.020891 
-0.020891 
-0.020891 
-0.020891 
-0.020891 
-0.020891 
-0.020891 
-0.020891 
-0.020891 
-0.020891 
-0.020891 
-0.020891 
-0.020891 
-0.020891 
-0.020891 
-0.020891 
-0.020891 
-0.020891 
-0.020891 
-0.020891 
-0.020891 
-0.020891 
-0.020891 
-0.020891 
-0.020891 
-0.020891 
-0.020891 
-0.020891 
-0.020891 
-0.020891 
-0.020891 
-0.020891 
-0.020891 
-0.020891 
-0.020891 
-0.020891 
-0.020891 
-0.020891 
-0.020891 
-0.020891 
-0.020891 
-0.020891 
-0.020891 
-0.020891 
-0.020891 
-0.020891 
-0.020891 
-0.020891 
-0.020891 
-0.020891 
-0.020891 
-0.020891 
-0.020891 
-0.020891 
-0.020891 
-0.020891 
-0.020891 
-0.020891 
-0.020891 
-0.020891 
-0.020891 
-0.020891 
-0.020891 
-0.020891 
-0.020891 
-0.020891 
-0.020891 
-0.020891 
-0.020891 
-0.020891 
-0.020891 
-0.020891 
-0.020891 
-0.020891 
-0.020891 
-0.020891 
-0.020891 
-0.020891 
-0.020891 
-0.020891 
-0.020891 
-0.020891 
-0.020891 
-0.020891 
-0.020891 
-0.020891 
-0.020891 
-0.020891 
-0.020891 
-0.020891 
-0.020891 
-0.020891 
-0.020891 
-0.020891 
-0.020891 
-0.020891 
-0.020891 
-0.020891 
-0.020891 
-0.020891 
-0.020891 
-0.020891 
-0.020891 
-0.020891 
-0.020891 
-0.020891 
-0.020891 
-0.020891 
-0.020891 
-0.020891 
-0.020891 
-0.020891 
-0.020891 
-0.020891 
-0.020891 
-0.020891 
-0.020891 
-0.020891 
-0.020891 
-0.020891 
-0.020891 
-0.020891 
-0.020891 
-0.020891 
-0.020891 
-0.020891 
-0.020891 
-0.020891 
-0.020891 
-0.020891 
-0.020891 
-0.020891 
-0.020891 
-0.020891 
-0.020891 
-0.020891 
-0.020891 
-0.020891 
-0.020891 
-0.020891 
-0.020891 
-0.020891 
-0.020891 
-0.020891 
-0.020891 
-0.020891 
-0.020891 
-0.020891 
-0.020891 
-0.020891 
-0.020891 
-0.020891 
-0.020891 
-0.020891 
-0.020891 
-0.020891 
-0.020891 
-0.020891 
-0.020891 
-0.020891 
-0.020891 
-0.020891 
-0.020891 
-0.020891 
-0.020891 
-0.020891 
-0.020891 
-0.020891 
-0.020891 
-0.020891 
-0.020891 
-0.020891 
-0.020891 
-0.020891 
-0.020891 
-0.020891 
-0.020891 
-0.020891 
-0.020891 
-0.020891 
-0.020891 
-0.020891 
-0.020891 
-0.020891 
-0.020891 
-0.020891 
-0.020891 
-0.020891 
-0.020891 
-0.020891 
-0.020891 
-0.020891 
-0.020891 
-0.020891 
-0.020891 
-0.020891 
-0.020891 
-0.020891 
-0.020891 
-0.020891 
-0.020891 
-0.020891 
-0.020891 
-0.020891 
-0.020891 
-0.020891 
-0.020891 
-0.020891 
-0.020891 
-0.020891 
-0.020891 
-0.020891 
-0.020891 
-0.020891 
-0.020891 
-0.020891 
-0.020891 
-0.020891 
-0.020891 
-0.020891 
-0.020891 
-0.020891 
-0.020891 
-0.020891 
-0.020891 
-0.020891 
-0.020891 
-0.020891 
-0.020891 
-0.020891 
-0.020891 
-0.020891 
-0.020891 
-0.020891 
-0.020891 
-0.020891 
-0.020891 
-0.020891 
-0.020891 
-0.020891 
-0.020891 
-0.020891 
-0.020891 
-0.020891 
-0.020891 
-0.020891 
-0.020891 
-0.020891 
-0.020891 
-0.020891 
-0.020891 
-0.020891 
-0.020891 
-0.020891 
-0.020891 
-0.020891 
-0.020891 
-0.020891 
-0.020891 
-0.020891 
-0.020891 
-0.020891 
-0.020891 
-0.020891 
-0.020891 
-0.020891 
-0.020891 
-0.020891 
-0.020891 
-0.020891 
-0.020891 
-0.020891 
-0.020891 
-0.020891 
-0.020891 
-0.020891 
-0.020891 
-0.020891 
-0.020891 
-0.020891 
-0.020891 
-0.020891 
-0.020891 
-0.020891 
-0.020891 
-0.020891 
-0.020891 
-0.020891 
-0.020891 
-0.020891 
-0.020891 
-0.020891 
-0.020891 
-0.020891 
-0.020891 
-0.020891 
-0.020891 
-0.020891 
-0.020892 
-0.020892 
-0.020892 
-0.020892 
-0.020892 
-0.020892 
-0.020892 
-0.020892 
-0.020892 
-0.020892 
-0.020892 
-0.020892 
-0.020892 
-0.020892 
-0.020892 
-0.020892 
-0.020892 
-0.020892 
-0.020892 
-0.020892 
-0.020892 
-0.020892 
-0.020892 
-0.020892 
-0.020892 
-0.020892 
-0.020892 
-0.020892 
-0.020892 
-0.020892 
-0.020892 
-0.020892 
-0.020892 
-0.020892 
-0.020892 
-0.020892 
-0.020892 
-0.020892 
-0.020892 
-0.020892 
-0.020892 
-0.020892 
-0.020892 
-0.020892 
-0.020892 
-0.020892 
-0.020892 
-0.020892 
-0.020892 
-0.020892 
-0.020892 
-0.020892 
-0.020892 
-0.020892 
-0.020892 
-0.020892 
-0.020892 
-0.020892 
-0.020892 
-0.020892 
-0.020892 
-0.020892 
-0.020892 
-0.020892 
-0.020892 
-0.020892 
-0.020892 
-0.020892 
-0.020892 
-0.020892 
-0.020892 
-0.020892 
-0.020892 
-0.020892 
-0.020892 
-0.020892 
-0.020892 
-0.020892 
-0.020892 
-0.020892 
-0.020892 
-0.020892 
-0.020892 
-0.020892 
-0.020892 
-0.020892 
-0.020892 
-0.020892 
-0.020892 
-0.020892 
-0.020892 
-0.020892 
-0.020892 
-0.020892 
-0.020892 
-0.020892 
-0.020892 
-0.020892 
-0.020892 
-0.020892 
-0.020892 
-0.020892 
-0.020892 
-0.020892 
-0.020892 
-0.020892 
-0.020892 
-0.020892 
-0.020892 
-0.020892 
-0.020892 
-0.020892 
-0.020892 
-0.020892 
-0.020892 
-0.020892 
-0.020892 
-0.020892 
-0.020892 
-0.020892 
-0.020892 
-0.020892 
-0.020892 
